materials	property	feature1	feature2	feature3	feature4	feature5	feature6	feature7	feature8	feature9	feature10	feature11	feature12	feature13	feature14	feature15	feature16	feature17	feature18	feature19	feature20	feature21	feature22	feature23	feature24	feature25	feature26	feature27	feature28	feature29	feature30	feature31	feature32	feature33	feature34	feature35	feature36	feature37	feature38	feature39	feature40	feature41	feature42	feature43	feature44	feature45	feature46	feature47	feature48	feature49	feature50	feature51	feature52	feature53	feature54	feature55	feature56	feature57	feature58	feature59
LPP1	-0.24209325066876172	2	84.658879999999996	85.981899999999996	85.583780000000004	63.380110000000002	86.987549999999999	170.92443	91.300299999999993	95.591759999999994	97.552639999999997	133.08609000000001	85.61645	119.82764	101.62456	2.61083	2.60412	2.8195800000000002	2.7303899999999999	3.91025	3.2283599999999999	3.3240599999999998	3.3976799999999998	4.1185499999999999	-87.974410000000006	89.139830000000003	2.3291900000000001	2.30287	3.1192600000000001	1.5929199999999999	1.8746400000000001	2026.0799999999999	440.4008	2049.8600000000001	1129.7233000000001	-0.497	-0.30499999999999999	-0.001	-0.625	0.26600000000000001	-0.050999999999999997	-1.546	1.3300000000000001	1.327	-0.42799999999999999	-0.18099999999999999	0.153	-0.38100000000000001	0.41099999999999998	0.377	-0.372	-0.045999999999999999	-0.012999999999999999	-0.03075	-0.20004	-0.16929	-2029.3037139999999	0.44232100000000002	-2028.8613929999999	0.66385284286209834
LPP2	-0.31562941009314649	3	91.235280000000003	86.632599999999996	84.493889999999993	61.86889	86.754450000000006	176.22888	90.623170000000002	100.98855	94.937669999999997	138.47805	85.112819999999999	113.79349999999999	98.622159999999994	2.62019	2.5621900000000002	2.7761200000000001	2.7359100000000001	3.9235099999999998	3.2120899999999999	3.4714499999999999	3.3215499999999998	4.1961199999999996	-85.368520000000004	91.567030000000003	2.33657	2.3189500000000001	3.3272699999999999	1.5889899999999999	1.87497	2051.6799999999998	632.61019999999996	2055.71	790.08389999999997	-0.19800000000000001	-0.45200000000000001	0.067000000000000004	-0.40400000000000003	0.045999999999999999	-0.13200000000000001	-1.532	1.3340000000000001	1.3140000000000001	-0.44500000000000001	-0.185	0.14999999999999999	-0.36899999999999999	0.34000000000000002	0.35199999999999998	-0.436	-0.024	-0.021999999999999999	-0.028879999999999999	-0.20027	-0.17139000000000001	-2068.5876214999998	0.47075600000000001	-2068.1168654999997	0.68523343634700895
LPP3	0.89751821053151226	4	93.058610000000002	83.039330000000007	86.086690000000004	65.265529999999998	87.085520000000002	178.54640000000001	95.518289999999993	102.38617000000001	92.888689999999997	140.37249	83.143069999999994	109.31947	98.167490000000001	2.53687	2.6009600000000002	2.8677899999999998	2.7466699999999999	3.94923	3.3640699999999999	3.5101100000000001	3.2869999999999999	4.2281700000000004	-92.552300000000002	83.700720000000004	2.3611499999999999	2.3230200000000001	3.3995299999999999	1.5883799999999999	1.8753899999999999	2059.1999999999998	549.77099999999996	2052.4899999999998	796.85760000000005	0.622	-0.59799999999999998	-0.24399999999999999	-0.61299999999999999	0.224	-0.24399999999999999	-1.514	1.304	1.323	-0.441	-0.19800000000000001	0.152	-0.36299999999999999	0.41499999999999998	0.317	-0.43099999999999999	-0.076999999999999999	-0.024	-0.036900000000000002	-0.20008000000000001	-0.16317999999999999	-2107.8601827000002	0.50203299999999995	-2107.3581497	0.71001781716123746
LPP4	0.69212144158832101	5	100.54588	84.807950000000005	83.273899999999998	60.892249999999997	83.472350000000006	174.90545	97.680409999999995	97.561570000000003	95.958420000000004	134.23536999999999	83.387240000000006	117.37421999999999	91.942959999999999	2.5829800000000001	2.5392399999999999	2.7453400000000001	2.6618400000000002	3.95173	3.4410599999999998	3.4021499999999998	3.38849	4.1568100000000001	-85.713179999999994	90.208860000000001	2.3759999999999999	2.3296399999999999	3.6192199999999999	1.57948	1.8708	2095.2399999999998	433.54379999999998	2045.8099999999999	932.66049999999996	0.19600000000000001	-0.45200000000000001	-0.61599999999999999	-0.64700000000000002	0.20000000000000001	-0.129	-1.48	1.29	1.2989999999999999	-0.443	-0.184	0.16	-0.30099999999999999	0.28499999999999998	0.29399999999999998	-0.41999999999999998	-0.023	-0.0080000000000000002	-0.032969999999999999	-0.20107	-0.1681	-2147.1352000000002	0.52676900000000004	-2146.6084310000001	0.72414146510674526
LPP5	0.55575757750917687	6	106.48911	83.237660000000005	84.467550000000003	62.964979999999997	79.295599999999993	174.21494000000001	94.888310000000004	107.41965999999999	90.663499999999999	144.08456000000001	85.114339999999999	104.41521	93.241129999999998	2.5305300000000002	2.54562	2.7923300000000002	2.5963699999999998	3.96631	3.3603700000000001	3.66316	3.2330899999999998	4.3049299999999997	-89.617779999999996	86.086650000000006	2.38808	2.3728600000000002	3.81446	1.58308	1.8789	2066.9499999999998	519.34699999999998	2064.4499999999998	698.1943	-0.090999999999999998	-0.255	-0.36399999999999999	-0.60799999999999998	0.219	-0.073999999999999996	-1.4199999999999999	1.2729999999999999	1.26	-0.46700000000000003	-0.187	0.16800000000000001	-0.27900000000000003	0.34499999999999997	0.245	-0.442	-0.01	-0.002	-0.031179999999999999	-0.19803000000000001	-0.16685	-2186.4207182999999	0.55390300000000003	-2185.8668152999999	0.75164178045473184
LPP6	0.53465213853603022	8	109.14698	81.147419999999997	82.363150000000005	61.140770000000003	80.652100000000004	169.53650999999999	100.76124	97.078500000000005	92.71302	134.56924000000001	81.598659999999995	104.68213	92.093119999999999	2.4553600000000002	2.4914700000000001	2.7562099999999998	2.6001400000000001	4.0159099999999999	3.56534	3.37385	3.3577599999999999	4.1592200000000004	-88.832229999999996	85.360259999999997	2.4704899999999999	2.3481700000000001	3.9271699999999998	1.5613600000000001	1.88422	2151.77	351.56900000000002	2058.8200000000002	804.23889999999994	-0.72899999999999998	0.16800000000000001	0.121	-0.67200000000000004	0.32500000000000001	0.060999999999999999	-1.373	1.2	1.268	-0.46100000000000002	-0.20399999999999999	0.214	-0.34799999999999998	0.30599999999999999	0.32100000000000001	-0.39600000000000002	-0.057000000000000002	0.045999999999999999	-0.029409999999999999	-0.18926999999999999	-0.15986	-2264.9606079	0.60670900000000005	-2264.3538988999999	0.74786745924127274
LPP7	0.47766065120037926	4	96.404229999999998	84.780619999999999	84.155760000000001	62.072870000000002	83.138459999999995	177.89458999999999	93.374960000000002	105.60981	95.019819999999996	142.47575000000001	87.542810000000003	111.22136999999999	94.534890000000004	2.5772599999999999	2.5590799999999998	2.7781099999999999	2.6474600000000001	3.9323000000000001	3.2900200000000002	3.5790299999999999	3.33087	4.2490600000000001	-87.182559999999995	88.996899999999997	2.3416700000000001	2.3145099999999998	3.4712299999999998	1.59127	1.8801099999999999	2035.8399999999999	448.88369999999998	2048	969.1739	-0.157	-0.57999999999999996	-0.36699999999999999	-0.46200000000000002	0.125	-0.085999999999999993	-1.532	1.3260000000000001	1.321	-0.438	-0.18099999999999999	0.159	-0.35999999999999999	0.38500000000000001	0.29699999999999999	-0.41399999999999998	-0.023	-0.019	-0.035959999999999999	-0.20282	-0.16686000000000001	-2374.8675054	0.56149899999999997	-2374.3060064000001	0.71615921919838543
LPP8	1.4843100814132619	2	84.640020000000007	83.1494	87.288880000000006	66.698509999999999	88.579459999999997	172.67856	96.148520000000005	106.75490000000001	96.674490000000006	144.90012999999999	84.757199999999997	107.29109	99.881339999999994	2.5367299999999999	2.6269900000000002	2.90239	2.7623899999999999	3.9127800000000001	3.35026	3.5882800000000001	3.3584100000000001	4.25474	-94.348230000000001	82.355320000000006	2.3275199999999998	2.2966500000000001	3.1133999999999999	1.5929800000000001	1.8851199999999999	2025.6300000000001	442.56819999999999	2070.52	994.73360000000002	-0.17000000000000001	-0.10299999999999999	-0.253	-0.47499999999999998	0.129	-0.080000000000000002	-1.52	1.321	1.319	-0.44800000000000001	-0.191	0.155	-0.39800000000000002	0.34999999999999998	0.45000000000000001	-0.41699999999999998	-0.053999999999999999	-0.019	-0.042220000000000001	-0.20064000000000001	-0.15842000000000001	-2181.6121303999998	0.46303	-2181.1491004	0.66413271420011988
LPP9	1.4435218974792927	4	94.681259999999995	82.833770000000001	84.535839999999993	63.330710000000003	85.262029999999996	177.71019999999999	95.026039999999995	108.69631	94.293180000000007	146.46029999999999	86.326779999999999	108.01533999999999	95.861320000000006	2.5230899999999998	2.5574400000000002	2.8090000000000002	2.6945899999999998	3.9332400000000001	3.3326899999999999	3.6429999999999998	3.3081	4.2848699999999997	-90.255700000000004	85.349360000000004	2.3469799999999998	2.3126899999999999	3.4267799999999999	1.58701	1.8872599999999999	2062.8899999999999	832.13139999999999	2051.4899999999998	380.24380000000002	-0.495	-0.27700000000000002	0.26300000000000001	-0.54000000000000004	0.19400000000000001	-0.076999999999999999	-1.5129999999999999	1.3180000000000001	1.327	-0.441	-0.188	0.16400000000000001	-0.42899999999999999	0.371	0.39400000000000002	-0.41799999999999998	-0.034000000000000002	-0.019	-0.034389999999999997	-0.19953000000000001	-0.16514000000000001	-2260.1834364000001	0.52023200000000003	-2259.6632044000003	0.72864502853899282
LPP10	0.56398903684980917	4	108.2118	86.534559999999999	83.215609999999998	60.25506	75.690809999999999	175.98954000000001	94.275859999999994	90.499849999999995	95.04674	124.88879	83.429370000000006	119.17657	93.699110000000005	2.6256200000000001	2.5571299999999999	2.7384400000000002	2.5303	4.0171900000000003	3.3992100000000001	3.2688899999999999	3.4281799999999998	4.0875599999999999	-83.345550000000003	93.202619999999996	2.4381499999999998	2.4043999999999999	3.9230100000000001	1.5813900000000001	1.8648	2068.9200000000001	302.29489999999998	2044.28	1117.3593000000001	0.002	-0.66600000000000004	-0.24399999999999999	-0.64700000000000002	0.20499999999999999	-0.086999999999999994	-1.331	1.2949999999999999	1.321	-0.44800000000000001	-0.17000000000000001	0.16	-0.318	0.374	0.35299999999999998	-0.379	-0.028000000000000001	0.0040000000000000001	-0.064509999999999998	-0.19778999999999999	-0.13328000000000001	-2181.5107555999998	0.46251199999999998	-2181.0482435999998	0.72606902967424558
LPP11	0.34520079046598323	4	97.401390000000006	79.077860000000001	79.91995	58.878619999999998	79.960400000000007	177.32311999999999	101.11262000000001	101.70922	101.89512999999999	137.75916000000001	85.223879999999994	112.79191	96.267669999999995	2.4348900000000002	2.4478200000000001	2.6938599999999999	2.61239	4.0025599999999999	3.5733899999999998	3.5438000000000001	3.5862699999999998	4.2517500000000004	-87.579040000000006	85.129599999999996	2.4377800000000001	2.3818299999999999	3.6210300000000002	1.56582	1.8674299999999999	2168.54	282.54289999999997	2032.4200000000001	1053.8652	-0.79600000000000004	0.085999999999999993	0.77600000000000002	-0.751	0.42899999999999999	0.0089999999999999993	-1.4099999999999999	1.258	1.3029999999999999	-0.47099999999999997	-0.19800000000000001	0.182	-0.34100000000000003	0.33000000000000002	0.28399999999999997	-0.48599999999999999	-0.0080000000000000002	0.0060000000000000001	-0.012710000000000001	-0.1961	-0.18339	-1965.1424597	0.65685000000000004	-1964.4856096999999	0.77115590804452716
LPP12	2.4143308670948715	5	109.41567000000001	86.511470000000003	82.622820000000004	59.549190000000003	78.179739999999995	172.30071000000001	93.952640000000002	94.714939999999999	93.032399999999996	129.73445000000001	83.923280000000005	112.47023	91.767089999999996	2.6117699999999999	2.5263100000000001	2.7162099999999998	2.5587499999999999	3.95017	3.3349099999999998	3.3426200000000001	3.3144300000000002	4.1176199999999996	-82.449399999999997	93.843149999999994	2.3793700000000002	2.3624999999999998	3.8704000000000001	1.5793699999999999	1.8704799999999999	2090.6300000000001	434.88679999999999	2048.4499999999998	1000.9549	-0.40200000000000002	-0.26700000000000002	-0.45900000000000002	-0.60899999999999999	0.182	0.0040000000000000001	-1.3759999999999999	1.274	1.26	-0.44	-0.17799999999999999	0.16500000000000001	-0.34100000000000003	0.39800000000000002	0.41999999999999998	-0.36599999999999999	-0.048000000000000001	-0.001	-0.042529999999999998	-0.19244	-0.14990999999999999	-2604.3054929999998	0.60149699999999995	-2603.7039959999997	0.72100178171612372
LPP13	1.0432009079140554	5	101.34435000000001	86.420969999999997	83.23706	60.281509999999997	80.241039999999998	178.26201	94.066760000000002	97.033670000000001	96.123869999999997	132.79321999999999	85.260009999999994	116.85536	93.361660000000001	2.61165	2.5402399999999998	2.7313499999999999	2.5895700000000001	3.9541200000000001	3.33005	3.3814500000000001	3.3875199999999999	4.1377899999999999	-83.576769999999996	92.883560000000003	2.3699699999999999	2.3342900000000002	3.63897	1.5845899999999999	1.8763399999999999	2064.5100000000002	463.36939999999998	2046.3399999999999	1007.6697	-0.13200000000000001	-0.185	-0.57199999999999995	-0.66400000000000003	0.28999999999999998	-0.080000000000000002	-1.4450000000000001	1.29	1.3089999999999999	-0.42899999999999999	-0.17999999999999999	0.16800000000000001	-0.39300000000000002	0.496	0.47699999999999998	-0.372	-0.029000000000000001	-0.002	-0.03984	-0.19719	-0.15734999999999999	-2487.6567559999999	0.54121900000000001	-2487.1155369999997	0.72905498092144683
LPP14	2.9417131861252934	5	102.10760000000001	83.143389999999997	84.586439999999996	63.447319999999998	85.478409999999997	172.41138000000001	95.923519999999996	94.545659999999998	90.055769999999995	132.26703000000001	83.048569999999998	109.15022999999999	94.500489999999999	2.5244	2.5715599999999998	2.8285200000000001	2.7320099999999998	3.9489399999999999	3.38097	3.3278599999999998	3.2326600000000001	4.1558799999999998	-89.985500000000002	85.785799999999995	2.3799999999999999	2.35853	3.6853500000000001	1.5772600000000001	1.8687499999999999	2110.3600000000001	421.245	2047.7	1065.3735999999999	0.13800000000000001	-0.50900000000000001	-0.27200000000000002	-0.45600000000000002	0.193	-0.157	-1.4199999999999999	1.2949999999999999	1.292	-0.434	-0.191	0.156	-0.40300000000000002	0.48899999999999999	0.47999999999999998	-0.34499999999999997	-0.11700000000000001	-0.023	-0.032870000000000003	-0.19305	-0.16017999999999999	-2541.7888329000002	0.54015800000000003	-2541.2486749000004	0.72669381287250479
LPP15	2.7257913082719933	5	109.02504999999999	87.128969999999995	82.020319999999998	58.754449999999999	75.525170000000003	175.38147000000001	92.796509999999998	99.482780000000005	95.049170000000004	133.47749999999999	84.338089999999994	106.91836000000001	93.419219999999996	2.6080100000000002	2.4846699999999999	2.6869200000000002	2.5237799999999999	3.99593	3.3207800000000001	3.4840800000000001	3.3775400000000002	4.1854399999999998	-80.780050000000003	95.449399999999997	2.4215200000000001	2.4033899999999999	3.9286599999999998	1.57751	1.8688899999999999	2091.3400000000001	396.63580000000002	2031.5899999999999	990.05589999999995	-0.0030000000000000001	-0.76800000000000002	-1.798	-0.61799999999999999	0.20399999999999999	-0.036999999999999998	-1.335	1.286	1.2809999999999999	-0.46200000000000002	-0.193	0.16200000000000001	-0.33400000000000002	0.33000000000000002	0.45200000000000001	-0.41899999999999998	-0.021999999999999999	0.010999999999999999	-0.03125	-0.18554999999999999	-0.15429999999999999	-2618.7577246000001	0.88189399999999996	-2617.8758306	0.74853757371259189
LPP16	0.21349014441234762	5	109.25429	88.917919999999995	79.697019999999995	55.317740000000001	73.334670000000003	176.37168	87.88485	106.61678000000001	96.719809999999995	136.13499999999999	84.03228	108.00619	97.388249999999999	2.6565300000000001	2.4214099999999998	2.5877500000000002	2.6128900000000002	4.0650399999999998	3.25726	3.8306100000000001	3.4859200000000001	4.3994900000000001	-74.618880000000004	101.53301999999999	2.5039199999999999	2.5895100000000002	4.1534899999999997	1.56304	1.86595	2159.0500000000002	347.02859999999998	2025.6700000000001	1115.9318000000001	-0.36899999999999999	-0.313	-0.67400000000000004	-0.59699999999999998	0.29299999999999998	-0.029000000000000001	-1.0900000000000001	1.2030000000000001	1.131	-0.48099999999999998	-0.19700000000000001	0.14199999999999999	-0.21299999999999999	0.24199999999999999	0.20599999999999999	-0.49199999999999999	-0.0070000000000000001	-0.02	-0.03091	-0.18398999999999999	-0.15307999999999999	-2309.2689190000001	0.74630099999999999	-2308.522618	0.78534065466241998
LPP17	0.65946213381380014	5	110.28084	87.002840000000006	82.7012	59.629579999999997	79.040790000000001	170.53193999999999	93.603769999999997	95.255030000000005	91.958590000000001	130.56616	83.809820000000002	111.44683000000001	90.965159999999997	2.6143999999999998	2.5081799999999999	2.7153100000000001	2.63808	4.0338000000000003	3.4039700000000002	3.4181400000000002	3.3521899999999998	4.1907300000000003	-81.970309999999998	94.498559999999998	2.4825400000000002	2.4423300000000001	4.0411900000000003	1.5643499999999999	1.8635299999999999	2145.8699999999999	392.0179	2050.8000000000002	1026.0708	-0.218	-0.183	-0.11600000000000001	-0.54900000000000004	0.12	-0.074999999999999997	-1.2729999999999999	1.23	1.2390000000000001	-0.46100000000000002	-0.185	0.17299999999999999	-0.377	0.46700000000000003	0.46800000000000003	-0.40000000000000002	-0.049000000000000002	0.017000000000000001	-0.054239999999999997	-0.19336	-0.13912000000000002	-2486.4410323000002	0.52086299999999996	-2485.9201693	0.7131180820535461
LPP18	2.9212026636021684	6	105.29232	85.585009999999997	80.757289999999998	57.6706	82.375029999999995	172.30779999999999	93.289469999999994	95.255030000000005	93.690669999999997	137.10052999999999	82.982680000000002	107.10478999999999	93.973129999999998	2.5901100000000001	2.47817	2.6732800000000001	2.6422599999999998	3.9330799999999999	3.3135400000000002	3.5177800000000001	3.3256399999999999	4.2149099999999997	-80.592190000000002	94.753119999999996	2.3702100000000002	2.34293	3.7465299999999999	1.57138	1.8710599999999999	2146.0100000000002	328.59179999999998	2055.6799999999998	873.18439999999998	-0.61899999999999999	-0.12	-0.20200000000000001	-0.629	0.22800000000000001	-0.0050000000000000001	-1.4470000000000001	1.2929999999999999	1.2749999999999999	-0.44900000000000001	-0.182	0.17799999999999999	-0.38400000000000001	0.33200000000000002	0.39300000000000002	-0.44900000000000001	0.044999999999999998	-0.001	-0.032059999999999998	-0.19422	-0.16216	-2491.0571633	0.59358299999999997	-2490.4635803000001	0.77387184257828512
LPP19	-0.038171768474940221	4	92.650289999999998	85.721590000000006	81.914029999999997	59.037140000000001	87.05444	179.25899000000001	94.975729999999999	93.46651	98.791129999999995	130.23557	80.9345	119.38683	98.627870000000001	2.5924200000000002	2.5133800000000002	2.7110500000000002	2.7342599999999999	3.9487199999999998	3.36002	3.2768299999999999	3.4697200000000001	4.0925399999999996	-82.297520000000006	93.495840000000001	2.3743799999999999	2.31785	3.39398	1.5744199999999999	1.8752800000000001	2130.48	396.24520000000001	2050.9099999999999	1172.9857	-0.13100000000000001	-0.89000000000000001	-0.46899999999999997	-0.70199999999999996	0.27900000000000003	-0.059999999999999998	-1.468	1.284	1.3120000000000001	-0.432	-0.17899999999999999	0.17199999999999999	-0.44600000000000001	0.49099999999999999	0.47299999999999998	-0.40799999999999997	0.028000000000000001	-0.0080000000000000002	-0.043810000000000002	-0.19594	-0.15212999999999999	-2412.4775614	0.54060900000000001	-2411.9369523999999	0.71152951657153674
LPP20	0.54369868486920947	4	91.252110000000002	80.140810000000002	87.165880000000001	67.991410000000002	85.094250000000002	173.06072	106.47298000000001	103.05736	99.352209999999999	140.80498	84.08023	114.26987	92.080709999999996	2.4751300000000001	2.6262300000000001	2.9302899999999998	2.7232799999999999	3.94482	3.65354	3.5606399999999998	3.4641700000000002	4.2663200000000003	-98.190799999999996	77.521079999999998	2.3668999999999998	2.3542700000000001	3.37466	1.5848800000000001	1.8733500000000001	2056.23	433.17950000000002	2052.5799999999999	951.59389999999996	0.34000000000000002	-0.215	-0.74399999999999999	-0.56200000000000006	0.27600000000000002	-0.14999999999999999	-1.4410000000000001	1.288	1.29	-0.44600000000000001	-0.186	0.17299999999999999	-0.45300000000000001	0.39900000000000002	0.46300000000000002	-0.434	-0.025999999999999999	0.0089999999999999993	-0.058369999999999998	-0.20246	-0.14409	-2719.5381388999999	0.62946199999999997	-2718.9086769	0.7137803128252026
LPP21	0.04744993229014019	4	93.306749999999994	82.073030000000003	87.139120000000005	66.875879999999995	85.725369999999998	177.37985	100.50066	100.09392	95.18835	138.31120999999999	83.171350000000004	111.94504999999999	94.951040000000006	2.5011299999999999	2.61673	2.90679	2.7201399999999998	3.9528599999999998	3.4910800000000002	3.4511799999999999	3.3511899999999999	4.2031299999999998	-95.472840000000005	80.808530000000005	2.3706499999999999	2.3330799999999998	3.4207100000000001	1.58321	1.8754599999999999	2066.3499999999999	472.22309999999999	2050.6500000000001	982.75580000000002	0.47699999999999998	-0.090999999999999998	-0.50900000000000001	-0.63500000000000001	0.29099999999999998	-0.17000000000000001	-1.446	1.2949999999999999	1.3009999999999999	-0.45500000000000002	-0.19500000000000001	0.17699999999999999	-0.46100000000000002	0.438	0.437	-0.39200000000000002	-0.096000000000000002	0.0070000000000000001	-0.03789	-0.19683999999999999	-0.15894999999999998	-2789.3294176999998	0.565612	-2788.7638056999999	0.71430457885276399
LPP22	3.4082787717315237	6	109.57922000000001	81.862799999999993	81.656790000000001	60.092390000000002	78.43723	171.78880000000001	99.215090000000004	92.373090000000005	94.282979999999995	127.79897	82.454740000000001	113.23949	92.457239999999999	2.5249199999999998	2.5342500000000001	2.7400899999999999	2.4699599999999999	3.8650000000000002	3.4235500000000001	3.2059799999999998	3.3082600000000002	4.00603	-86.918779999999998	87.534670000000006	2.29101	2.2393100000000001	3.7015699999999998	1.58361	1.8908499999999999	2104.3000000000002	211.1781	2092.52	760.41290000000004	-1.1040000000000001	0.74299999999999999	0.77500000000000002	-0.55000000000000004	0.41999999999999998	0.107	-1.7170000000000001	2.1110000000000002	2.1200000000000001	-0.40100000000000002	-0.182	0.20899999999999999	-0.503	0.70899999999999996	0.76300000000000001	-0.24299999999999999	-0.096000000000000002	0.078	-0.035639999999999998	-0.21154000000000001	-0.1759	-3404.4559712	0.78946300000000003	-3403.6665082	0.79539631358203777
LPP23	1.3646472034743837	6	108.34864	82.329409999999996	84.008529999999993	62.899659999999997	78.991839999999996	171.71673999999999	100.78125	92.911680000000004	93.854889999999997	129.03222	82.013159999999999	114.251	91.275270000000006	2.53966	2.5890900000000001	2.81446	2.48516	3.8653200000000001	3.46347	3.2227899999999998	3.2928799999999998	4.0244900000000001	-90.215119999999999	85.196839999999995	2.2888000000000002	2.2397499999999999	3.6718700000000002	1.5863100000000001	1.893	2098.52	741.87729999999999	2086.8200000000002	277.58319999999998	-0.89600000000000002	0.998	0.67000000000000004	-0.61199999999999999	0.35999999999999999	0.068000000000000005	-1.7230000000000001	2.0960000000000001	2.1059999999999999	-0.40200000000000002	-0.17899999999999999	0.20899999999999999	-0.50600000000000001	0.66300000000000003	0.747	-0.253	-0.106	0.058999999999999997	-0.037350000000000001	-0.21612999999999999	-0.17877999999999999	-2861.3088459000001	0.52000900000000005	-2860.7888369000002	0.72365858850241238
LPP24	2.0634857326821634	6	107.90356	81.985439999999997	83.899720000000002	62.91619	78.924639999999997	172.49136999999999	100.49965	92.670919999999995	93.827529999999996	128.76289	82.13655	114.52593	91.990809999999996	2.5335700000000001	2.5894400000000002	2.8160099999999999	2.4792399999999999	3.8645100000000001	3.4547300000000001	3.21305	3.2912300000000001	4.0167799999999998	-90.500829999999993	84.768119999999996	2.2848600000000001	2.2334399999999999	3.65327	1.58769	1.8946099999999999	2101.79	796.35720000000003	2076.9499999999998	264.58519999999999	-0.75800000000000001	0.95099999999999996	0.438	-0.60399999999999998	0.39300000000000002	0.072999999999999995	-1.728	2.1000000000000001	2.1070000000000002	-0.39800000000000002	-0.17899999999999999	0.20699999999999999	-0.54800000000000004	0.69499999999999995	0.752	-0.25800000000000001	-0.096000000000000002	0.063	-0.056779999999999997	-0.21415999999999999	-0.15737999999999999	-3782.4723806000002	0.77912199999999998	-3781.6932586000003	0.72773446122796503
