        Rank        RMSE       MaxAE  Feature_ID
           1    0.053581    0.094889  (      99     111     119     284)
           2    0.053587    0.095278  (      99     111     119     293)
           3    0.053628    0.095524  (      99     111     119     299)
           4    0.053750    0.094587  (      99     111     119     296)
           5    0.053886    0.096897  (      99     111     119     290)
           6    0.053975    0.155502  (       7      19      75     157)
           7    0.054005    0.159083  (       1      19      75     157)
           8    0.054225    0.098715  (      72     111     119     293)
           9    0.054225    0.098971  (      96     111     119     293)
          10    0.054260    0.098586  (      96     111     119     284)
          11    0.054279    0.098334  (      72     111     119     284)
          12    0.054312    0.154177  (       1      19      45     157)
          13    0.054322    0.098971  (      72     111     119     299)
          14    0.054334    0.099231  (      96     111     119     299)
          15    0.054338    0.098265  (      96     111     119     296)
          16    0.054361    0.098018  (      72     111     119     296)
          17    0.054641    0.100367  (      72     111     119     290)
          18    0.054732    0.100650  (      96     111     119     290)
          19    0.054811    0.150009  (       7      19      45     157)
          20    0.055205    0.138836  (      14     136     331     367)
          21    0.055240    0.150812  (      53     136     331     374)
          22    0.055321    0.150810  (      53     136     331     378)
          23    0.055399    0.138796  (       7     105     290     383)
          24    0.055670    0.152231  (      53     102     331     374)
          25    0.055719    0.139220  (       7     105     284     383)
          26    0.055764    0.178801  (      67     132     133     361)
          27    0.055779    0.141236  (      23     136     331     374)
          28    0.055783    0.138999  (       7     105     293     383)
          29    0.055809    0.178663  (      74     132     133     361)
          30    0.055850    0.152222  (      53     102     331     378)
          31    0.055859    0.139449  (       7     105     299     383)
          32    0.055861    0.141216  (      14     102     331     367)
          33    0.055931    0.156450  (       1      19      75     135)
          34    0.055933    0.139547  (       7     105     296     383)
          35    0.055952    0.141240  (      23     136     331     378)
          36    0.056104    0.106831  (      77     111     119     290)
          37    0.056115    0.159268  (       1      19      34     157)
          38    0.056129    0.137491  (       9     136     331     367)
          39    0.056161    0.107144  (      77     111     119     293)
          40    0.056172    0.152329  (      14     136     331     391)
          41    0.056182    0.155685  (      68     331     374     378)
          42    0.056198    0.108104  (      77     111     119     299)
          43    0.056242    0.136628  (      43     136     331     374)
          44    0.056256    0.140570  (       7     105     255     383)
          45    0.056258    0.108147  (      77     111     119     284)
          46    0.056302    0.152697  (       7      19      75     135)
          47    0.056342    0.158323  (       1      19      61     157)
          48    0.056345    0.179574  (      74     131     132     361)
          49    0.056369    0.179685  (      67     131     132     361)
          50    0.056377    0.156152  (       1      19      37     157)
          51    0.056385    0.117395  (       7     117     125     290)
          52    0.056394    0.107638  (      77     111     119     296)
          53    0.056409    0.108032  (      69     111     119     290)
          54    0.056486    0.108341  (      69     111     119     293)
          55    0.056500    0.152022  (       1      19      45     135)
          56    0.056521    0.109298  (      69     111     119     299)
          57    0.056547    0.142613  (       1     105     290     383)
          58    0.056548    0.136611  (      43     136     331     378)
          59    0.056551    0.147552  (      44     128     331     374)
          60    0.056566    0.108633  (      65     111     119     290)
          61    0.056568    0.143373  (      53     128     331     374)
          62    0.056575    0.118041  (       7     117     125     284)
          63    0.056587    0.109962  (      69     111     119     284)
          64    0.056614    0.137412  (      14     128     331     367)
          65    0.056653    0.108941  (      65     111     119     293)
          66    0.056668    0.117736  (       7     117     125     293)
          67    0.056688    0.109897  (      65     111     119     299)
          68    0.056703    0.140005  (       1     103     300     301)
          69    0.056707    0.147513  (      44     128     331     378)
          70    0.056709    0.118238  (       7     117     125     299)
          71    0.056712    0.155066  (       7      19      34     157)
          72    0.056716    0.155791  (       1      19      39     157)
          73    0.056722    0.108834  (      69     111     119     296)
          74    0.056725    0.154254  (      14     102     331     391)
          75    0.056729    0.135513  (       7     104     290     383)
          76    0.056736    0.139406  (       1     103     291     301)
          77    0.056756    0.110857  (      65     111     119     284)
          78    0.056785    0.154506  (       7      19      61     157)
          79    0.056790    0.150257  (       9     136     331     391)
          80    0.056800    0.143014  (       1     105     284     383)
          81    0.056838    0.154674  (       1      19      42     157)
          82    0.056840    0.158819  (       7     103     201     387)
          83    0.056856    0.143310  (      53     128     331     378)
          84    0.056856    0.118584  (       7     117     125     296)
          85    0.056863    0.156254  (      44     136     331     378)
          86    0.056863    0.148322  (       7     105     157     222)
          87    0.056864    0.148106  (       7     105     157     220)
          88    0.056869    0.142805  (       1     105     293     383)
          89    0.056890    0.109888  (      59     111     119     290)
          90    0.056890    0.109641  (      65     111     119     296)
          91    0.056898    0.152507  (       1     105     157     220)
          92    0.056933    0.156231  (      44     136     331     374)
          93    0.056939    0.152693  (       1     105     157     222)
          94    0.056944    0.130193  (       7     103     290     383)
          95    0.056944    0.143514  (      23     102     331     374)
          96    0.056944    0.135300  (      76     111     119     293)
          97    0.056950    0.143219  (       1     105     299     383)
          98    0.056967    0.150612  (       7     105     157     202)
          99    0.056985    0.134682  (      76     111     119     296)
         100    0.056988    0.150327  (       7     105     157     201)
