Model_ID, [(c_i,i=0,n)_j,j=1,ntask]
           1   -0.1372181849E+02    0.8351346080E+03   -0.6551214098E+01   -0.6099333151E+02   -0.8079115195E-01
           2   -0.1369059947E+02    0.8334071032E+03   -0.6559317694E+01   -0.6106926060E+02   -0.3364818114E-04
           3   -0.1371856361E+02    0.8349495447E+03   -0.6533192446E+01   -0.6082500424E+02    0.2459066233E-01
           4   -0.1368487741E+02    0.8331219858E+03   -0.6566376170E+01   -0.6113581167E+02   -0.7572962596E-04
           5   -0.1378318799E+02    0.8383866390E+03   -0.6470821106E+01   -0.6024421444E+02    0.5022780768E+00
           6    0.2084593693E+02    0.1851777129E+00    0.1179448537E+03    0.1181955236E+02    0.7966648617E-01
           7   -0.3227448953E+02   -0.3849208758E+04    0.1192350034E+03    0.1173561936E+02    0.7617066053E-01
           8   -0.1376497913E+02    0.1937854668E+03   -0.6405055370E+01   -0.5963602168E+02   -0.3379652702E-04
           9    0.1650490574E+02   -0.1181399454E+01   -0.6493879181E+01   -0.6046620787E+02   -0.3417630301E-04
          10    0.1653603149E+02   -0.1183827373E+01   -0.6485813285E+01   -0.6039065207E+02   -0.8205040938E-01
          11   -0.1379529191E+02    0.1941740170E+03   -0.6397062987E+01   -0.5956115805E+02   -0.8113077735E-01
          12   -0.3469301896E+02   -0.4171157048E+04    0.1141436443E+03   -0.1331904531E+02    0.7993097429E-01
          13   -0.1379206623E+02    0.1941315418E+03   -0.6378973094E+01   -0.5939219117E+02    0.2469435824E-01
          14    0.1653193283E+02   -0.1183513201E+01   -0.6467746592E+01   -0.6022190887E+02    0.2497165432E-01
          15    0.1650115745E+02   -0.1181064002E+01   -0.6500678323E+01   -0.6053033410E+02   -0.7693228178E-04
          16   -0.1375972497E+02    0.1937253242E+03   -0.6411991983E+01   -0.5970142959E+02   -0.7607072254E-04
          17   -0.1385604202E+02    0.1949188382E+03   -0.6316200359E+01   -0.5880770282E+02    0.5042916750E+00
          18    0.1658987549E+02   -0.1188228537E+01   -0.6405273755E+01   -0.5964026311E+02    0.5098519200E+00
          19    0.2283108341E+02    0.2003274924E+00    0.1123333195E+03   -0.1336571190E+02    0.8360456160E-01
          20   -0.2031745280E+02    0.1337302617E+00   -0.1174437216E-01    0.3310098665E+00    0.4384428518E+01
          21   -0.1260702334E+01    0.8672852664E+01   -0.9560417824E-02    0.3277190331E+00    0.5073254501E+01
          22    0.2948280142E+02    0.8639909203E+01   -0.9620647283E-02    0.3278777218E+00   -0.4674099449E+02
          23    0.2136360981E+02    0.1367559610E+00   -0.5330973005E-03    0.2651065499E+00    0.3916162360E-03
          24   -0.7676135456E+00    0.8446970790E+01    0.2973667795E+02    0.3119544929E+00    0.5157089406E+01
          25    0.2140709942E+02    0.1370509685E+00   -0.5355849364E-03   -0.4227284137E-01    0.3868874675E-03
          26   -0.6115741830E+02    0.4635043610E+04    0.6358839741E+01   -0.1301760874E+00   -0.3323561017E+00
          27   -0.2889550964E+02   -0.7415618608E+03   -0.1217763310E-01    0.2906765944E+00    0.4934211552E+01
          28    0.2139111384E+02    0.1369436085E+00   -0.5353653969E-03   -0.1759496793E-04    0.3889736557E-03
          29    0.1461939714E+03   -0.2316282406E+01    0.6378191732E+01   -0.1297938374E+00   -0.3354561186E+00
          30    0.3048161456E+02    0.8411941389E+01    0.2988613706E+02    0.3119998622E+00   -0.4749443245E+02
          31    0.2139135204E+02    0.1369423518E+00   -0.5353320132E-03    0.1284905759E-01    0.3888337884E-03
          32   -0.2008082116E+02    0.1306030603E+00    0.3594702586E+02    0.3150228457E+00    0.4484071178E+01
          33   -0.1938516579E+02   -0.3830510923E+04    0.1057495216E+03    0.1007996841E+02    0.6868139136E-01
          34    0.2139971469E+02    0.1370010113E+00   -0.5352973238E-03   -0.3951270361E-04    0.3882695678E-03
          35    0.1105121564E+01   -0.7387706913E+03   -0.1222521085E-01    0.2909067806E+00   -0.4544446342E+02
          36    0.1341717433E+02   -0.1169728034E-01   -0.6502306863E+01   -0.6051383003E+02    0.4657950336E+00
          37   -0.3503436277E+02   -0.4166635981E+04    0.1187457330E+03   -0.1891267840E+00    0.8398723812E-01
          38   -0.4603253353E+02   -0.1483815035E+04   -0.1232740553E-01    0.3010619522E+00    0.4071354563E+01
          39    0.1334745462E+02   -0.1162704794E-01   -0.6586975203E+01   -0.6130346101E+02   -0.3117895486E-04
          40   -0.2031641238E+02    0.1249624595E+00   -0.7218613419E-02    0.3571095549E+00    0.4168725216E+01
          41   -0.7795586229E+03    0.5821704903E+01    0.3630567104E+00    0.1330513690E+03    0.1180606578E+04
          42    0.1336822524E+02   -0.1164729889E-01   -0.6562757475E+01   -0.6107699109E+02    0.2278236135E-01
          43   -0.8152854693E+00    0.2666164730E+00   -0.1200276435E-01    0.3011095521E+00    0.4948238285E+01
          44    0.2158057112E+02    0.1382296182E+00   -0.5461585793E-03    0.1040204119E+01    0.3785566809E-03
          45    0.1336929650E+02   -0.1164819996E-01   -0.6580259013E+01   -0.6124047866E+02   -0.7481737135E-01
          46    0.3401313481E+02    0.1840236999E+00    0.1038043543E+03    0.1007594938E+02    0.7171393014E-01
          47   -0.3307242135E+02   -0.3845387144E+04    0.1112222102E+03   -0.1382675686E+00    0.8510342367E-01
          48    0.1050142521E+03   -0.2326636201E+01    0.3348756316E+04    0.6426616063E+01   -0.3363512280E+00
          49   -0.1033734359E+03    0.4655403068E+04    0.3357282654E+04    0.6405745278E+01   -0.3331936606E+00
          50   -0.3483729515E+02   -0.4188508053E+04    0.1175786722E+03   -0.1829764863E+02    0.8074574356E-01
          51    0.1775657751E+02    0.1117519651E+00   -0.1242647017E+02    0.7141067876E-01    0.3699427451E+00
          52    0.1334334216E+02   -0.1162249949E-01   -0.6594155054E+01   -0.6137111813E+02   -0.7014254513E-04
          53    0.2539109971E+02   -0.7485595633E+00   -0.6482378209E+01   -0.6032771153E+02    0.4636156579E+00
          54    0.2524941040E+02   -0.7440626592E+00   -0.6566953796E+01   -0.6111648753E+02   -0.3103122126E-04
          55   -0.2088058706E+02   -0.4099808056E+04    0.1005993914E+03   -0.1132848259E+02    0.7150432789E-01
          56    0.2529081408E+02   -0.7453556185E+00   -0.6542800489E+01   -0.6089061971E+02    0.2267427386E-01
          57   -0.1868598383E+02   -0.2931451669E+04   -0.5362489297E-03    0.2456925815E+00    0.3658464652E-03
          58    0.2915386206E+02    0.2655831271E+00   -0.1204924494E-01    0.3012143784E+00   -0.4554491904E+02
          59   -0.2675565717E+02   -0.2037692953E+02   -0.4912704654E+01    0.3158100504E+00    0.4971201519E+01
          60    0.4933909901E+02   -0.8468112716E+01   -0.6472466070E+01   -0.6023514647E+02    0.4625224210E+00
          61   -0.1296629303E+01    0.7968869859E+01   -0.4740956898E+01    0.3248533029E+00    0.4974631479E+01
          62    0.1781758060E+02    0.1121694159E+00   -0.1233812360E+02    0.7088520478E-01   -0.5913624570E-01
          63    0.2529266215E+02   -0.7454086688E+00   -0.6560261455E+01   -0.6105372919E+02   -0.7446033836E-01
          64   -0.2197689433E+02    0.1223914139E+00   -0.5651696999E+01    0.3413616565E+00    0.4564756261E+01
          65    0.4905348168E+02   -0.8417230107E+01   -0.6556993313E+01   -0.6102347651E+02   -0.3095712615E-04
          66    0.1778881486E+02    0.1119738387E+00   -0.1237668384E+02    0.7111155288E-01   -0.2463909357E-04
          67    0.4913615253E+02   -0.8431839671E+01   -0.6532872711E+01   -0.6079791438E+02    0.2262006008E-01
          68   -0.3271448546E+02   -0.3841645399E+04    0.2059046284E+01   -0.1081322913E+01    0.2624286730E+01
          69    0.3471366296E+01   -0.2028860493E+02   -0.4927590949E+01    0.3159979178E+00   -0.4577339595E+02
          70    0.1777178592E+02    0.1118526311E+00   -0.1241470275E+02    0.7133514634E-01    0.1802653779E-01
          71    0.2241454486E+02    0.2000115078E+00    0.1168711729E+03   -0.1896185683E+00    0.8763606619E-01
          72   -0.3468831698E+02   -0.4172225005E+04    0.1153003272E+03   -0.1131849540E+02    0.8027627489E-01
          73    0.2524059812E+02   -0.7437702196E+00   -0.6574148349E+01   -0.6118427953E+02   -0.6980808990E-04
          74   -0.2022559240E+02    0.1229197080E+00    0.2170079282E+02    0.3482336984E+00    0.4232305582E+01
          75    0.2127346063E+02    0.1360572847E+00   -0.6010656246E+00    0.2581957685E+00    0.4064433589E-03
          76   -0.1708266986E+02   -0.3830366148E+04    0.2055816730E+01    0.5592523017E+02    0.2636550419E+01
          77    0.4913955722E+02   -0.8432414782E+01   -0.6550312853E+01   -0.6096082975E+02   -0.7428127229E-01
          78    0.1995029471E+02    0.1846380299E+00    0.1095689583E+03   -0.1387445011E+00    0.8851006503E-01
          79   -0.4449754311E+02   -0.1393300210E+04   -0.8064858408E-02    0.3274679400E+00    0.3893763779E+01
          80   -0.1872647485E+02   -0.2937417227E+04   -0.5385721817E-03   -0.3917929776E-01    0.3613884164E-03
          81   -0.3448358499E+02   -0.4141218505E+04    0.1134816535E+03   -0.6719754977E+01    0.8001436811E-01
          82    0.3661793964E+02    0.1589340896E+00    0.2598962477E+01   -0.1572024557E+02    0.4022159457E+00
          83    0.2883046068E+02    0.7933411859E+01   -0.4756719445E+01    0.3249107315E+00   -0.4577747349E+02
          84    0.1780640037E+02    0.1120931121E+00   -0.1234253911E+02    0.7091210155E-01   -0.5535047328E-04
          85    0.1832808968E+01   -0.2211286511E+02   -0.9758482476E-02    0.3184140033E+00   -0.4672262285E+02
          86    0.1300232606E+02    0.1556457448E+00   -0.6268707820E-03    0.2562982914E-01    0.3519198505E+01
          87    0.3067743767E+02    0.1557315872E+00   -0.6295683544E-03    0.2533462688E-01   -0.2209088692E+02
          88   -0.1871269032E+02   -0.2935363362E+04   -0.5383830757E-03   -0.1630328151E-04    0.3633490745E-03
          89   -0.4645311800E+02    0.2708920836E+03   -0.6452750837E+01   -0.6005104832E+02    0.4603290621E+00
          90    0.4903527497E+02   -0.8413915052E+01   -0.6564194816E+01   -0.6109133217E+02   -0.6964035061E-04
          91   -0.1497696513E+02   -0.3309227516E+04   -0.6321273755E-03    0.2281867212E-01   -0.2090023130E+02
          92   -0.2899187588E+02   -0.2219479135E+02   -0.9697065295E-02    0.3181227294E+00    0.5067851999E+01
          93   -0.3166867420E+02   -0.3307397471E+04   -0.6294031800E-03    0.2310466051E-01    0.3326717945E+01
          94    0.2127887470E+02    0.1361599998E+00    0.1617803453E+01    0.2635383772E+00    0.3759198447E-03
          95   -0.2734897099E+02   -0.7165329442E+03    0.3743639691E+02    0.2720575869E+00    0.5043427140E+01
          96    0.2199026151E+02   -0.9515999488E+00   -0.6489845992E+01   -0.6048900552E+02   -0.3574367119E-04
          97   -0.1871281461E+02   -0.2935438792E+04   -0.5383727977E-03    0.1190140295E-01    0.3632292522E-03
          98    0.1535918614E+02    0.1617182694E+00   -0.6037953998E-03    0.2465505132E-01    0.4679297204E+01
          99    0.2198668880E+02   -0.9514106045E+00   -0.6496374083E+01   -0.6055060141E+02   -0.8048037842E-04
         100    0.3020291013E+02    0.1617653522E+00   -0.6053774949E-03    0.2448073424E-01   -0.1173415119E+02
