     Index              y_true              y_pred        descriptor_1        descriptor_2        descriptor_3        descriptor_4
         1   -0.2420932507E+00   -0.7813582892E-01   -0.3383359000E+01    0.6029742464E-01   -0.1094602151E+02   -0.1344800793E+01
         2   -0.3156294101E+00   -0.2519154772E+00   -0.3295794000E+01    0.8158535172E-01   -0.8450665138E+01   -0.1196070260E+01
         3    0.8975182105E+00    0.7110235746E+00   -0.3225967000E+01    0.1205506541E+00   -0.1224779582E+02   -0.1245179989E+01
         4    0.6921214416E+00    0.5022163256E+00   -0.3304721000E+01    0.1707326988E+00   -0.9560619048E+01   -0.1327287410E+01
         5    0.5557575775E+00    0.8970221914E+00   -0.3146187000E+01    0.5799077355E-01   -0.5831742081E+01   -0.1349640488E+01
         6    0.5346521385E+00    0.6678474239E+00   -0.3212051000E+01    0.3988459560E-01   -0.1565404040E+01   -0.1489396049E+01
         7    0.4776606512E+00    0.3929637929E+00   -0.3207371000E+01    0.1805624795E+00   -0.1171328502E+01   -0.1309502791E+01
         8    0.1484310081E+01    0.1577898555E+01   -0.3343380000E+01    0.8555621043E+00   -0.7690287770E+01   -0.1207463532E+01
         9    0.1443521897E+01    0.1453043779E+01   -0.3228868000E+01    0.5376197364E+00   -0.3751531100E+01   -0.1313617125E+01
        10    0.5639890368E+00    0.6725698897E+00   -0.3413668000E+01    0.4579182233E+00   -0.3555751979E+01   -0.1450226661E+01
        11    0.3452007905E+00    0.2353338496E+00   -0.3400420000E+01    0.3629346590E+00   -0.1157913580E+02   -0.1217759441E+01
        12    0.2414330867E+01    0.2551078089E+01   -0.3152933000E+01    0.4564026776E+00   -0.3457131148E+01   -0.1563452558E+01
        13    0.1043200908E+01    0.1297384589E+01   -0.3275301000E+01    0.2318787036E+00   -0.7425295699E+01   -0.1497192680E+01
        14    0.2941713186E+01    0.2621029131E+01   -0.3126502000E+01    0.8180307614E-01   -0.1288324638E+02   -0.1630308729E+01
        15    0.2725791308E+01    0.2374584959E+01   -0.2957646000E+01    0.2006516740E+00   -0.3890095465E+01   -0.1394602542E+01
        16    0.2134901444E+00    0.2738759959E+00   -0.3220619000E+01    0.2331646097E-01   -0.1358617886E+01   -0.1411335847E+01
        17    0.6594621338E+00    0.7651431823E+00   -0.3292327000E+01    0.2844673531E+00   -0.2483575000E+01   -0.1438898471E+01
        18    0.2921202664E+01    0.2838656785E+01   -0.3181057000E+01    0.9795613161E+00   -0.6290868597E+00   -0.1351800240E+01
        19   -0.3817176847E-01   -0.6176714900E+00   -0.3361111000E+01    0.1239712743E+00   -0.4001470588E+00   -0.1329226291E+01
        20    0.5436986849E+00    0.6922952770E+00   -0.3280708000E+01    0.6502105812E-01   -0.1675460829E+02   -0.1274926433E+01
        21    0.4744993229E-01    0.2268378477E+00   -0.3240578000E+01    0.8226176560E-01   -0.6053826531E+00   -0.1400619184E+01
        22    0.3408278772E+01    0.3277405261E+01   -0.2919797000E+01    0.1547005237E+00   -0.7513333333E+01   -0.1543979178E+01
        23    0.1364647203E+01    0.1225777442E+01   -0.3174871000E+01    0.1078488557E+00   -0.1019612648E+02   -0.1358172187E+01
        24    0.2063485733E+01    0.2439323788E+01   -0.2910108000E+01    0.1127078050E+00   -0.7119069767E+01   -0.1338716757E+01
