     Index              y_true              y_pred        descriptor_1        descriptor_2        descriptor_3        descriptor_4
         1    0.1678214254E+01    0.1716209982E+01    0.1853338721E-01    0.1700129239E+01   -0.1814310686E+00   -0.3958444971E+00
         2    0.1757666486E+01    0.1740595858E+01    0.1852680638E-01    0.1506707299E+01   -0.1613565687E+00   -0.2367161924E+00
         3    0.1678834799E+01    0.1765330338E+01    0.1859346562E-01    0.2812245151E+01   -0.3018655151E+00    0.3597070752E+00
         4    0.8101151469E+00    0.8278728841E+00    0.1755666436E-01   -0.8509174990E+00    0.9315809894E-01    0.6196895164E-01
         5    0.1678289321E+01    0.1723615042E+01    0.1852099984E-01    0.1659522107E+01   -0.1774016916E+00   -0.3647679824E+00
         6    0.1209169648E+01    0.1166148006E+01    0.1836550011E-01    0.7740320390E+01   -0.8242320502E+00    0.1715640009E+00
         7    0.1755342378E+01    0.1759498211E+01    0.1851515643E-01    0.1857414801E+01   -0.1994040487E+00   -0.3053994625E+00
         8    0.1756383738E+01    0.1674077418E+01    0.1852048938E-01    0.1977560849E+01   -0.2107278772E+00   -0.3864718806E+00
         9    0.1612298259E+01    0.1662735413E+01    0.1837938109E-01    0.4001093414E+01   -0.4296247557E+00   -0.5331167018E+00
        10    0.1635610204E+01    0.1688593181E+01    0.1856037324E-01    0.1576729758E+01   -0.1674145801E+00   -0.3505690005E+00
        11    0.1627106313E+01    0.1596487552E+01    0.1837250742E-01   -0.4676165569E+01    0.5027504734E+00   -0.5760213431E-01
        12    0.1755536791E+01    0.1696063130E+01    0.1854550393E-01    0.1586379612E+01   -0.1687646121E+00   -0.3600147779E+00
        13    0.1765466787E+01    0.1675607933E+01    0.1851504866E-01    0.1766486119E+01   -0.1881544503E+00   -0.3877964240E+00
        14    0.2386820440E+01    0.2386124607E+01    0.1865930829E-01    0.1562741701E+01   -0.1667692354E+00   -0.7314578005E+01
        15    0.1675268678E+01    0.1680340368E+01    0.1851298475E-01    0.1634025583E+01   -0.1739248104E+00   -0.4693881698E+00
        16    0.1128038411E+01    0.1126886123E+01    0.1829218894E-01    0.6841515002E+01   -0.7279881948E+00    0.1229242625E+00
        17    0.1675551322E+01    0.1580662332E+01    0.1848265850E-01    0.1650733537E+01   -0.1746994968E+00   -0.3190640787E+00
        18    0.1599396878E+01    0.1659968506E+01    0.1851231516E-01    0.1802775290E+01   -0.1918383115E+00   -0.3839664902E+00
        19    0.1454766591E+01    0.1520230247E+01    0.1841694913E-01    0.1425860541E+01   -0.1505773864E+00   -0.2267373686E+00
        20    0.1184240696E+01    0.1199720822E+01    0.1842980671E-01    0.2320114825E+01   -0.2416774457E+00    0.1358280618E+00
        21    0.1484068912E+01    0.1416567597E+01    0.1811009456E-01   -0.9245581541E+00    0.9930375792E-01   -0.1721472404E+00
        22    0.1223494633E+01    0.1276748794E+01    0.1824789564E-01   -0.1417407486E+01    0.1562746321E+00   -0.6298515855E-01
        23    0.1770000000E+01    0.1710482098E+01    0.1855582755E-01    0.2998072625E+01   -0.3217177824E+00    0.5685881023E+00
        24    0.1550000000E+01    0.1601114243E+01    0.1850289263E-01    0.1579868802E+01   -0.1672665190E+00   -0.2282833095E+00
