        Rank        RMSE       MaxAE  Feature_ID
           1    0.221241    0.579500  (       3     103     244     291)
           2    0.229790    0.689293  (       3     114     244     291)
           3    0.232232    0.605237  (       3     103     291     293)
           4    0.234091    0.701709  (       3     116     244     291)
           5    0.235888    0.699583  (       3     118     244     291)
           6    0.237125    0.689638  (       3     124     244     291)
           7    0.238262    0.555411  (       3     103     291     295)
           8    0.238710    0.710466  (       3     115     244     291)
           9    0.238999    0.543766  (       3     103     291     389)
          10    0.239140    0.714688  (       3     113     244     291)
          11    0.239511    0.688284  (       3     145     244     291)
          12    0.240350    0.622685  (       3     145     244     246)
          13    0.240378    0.718540  (       3     121     244     291)
          14    0.240411    0.612891  (       3     124     244     246)
          15    0.240672    0.708105  (       3     117     244     291)
          16    0.240933    0.533710  (       3     103     291     383)
          17    0.241220    0.539715  (       3     103     291     361)
          18    0.241278    0.533560  (       3     103     291     395)
          19    0.241415    0.708347  (       3     119     244     291)
          20    0.241879    0.686126  (      27     104     122     168)
          21    0.241881    0.595781  (       3     135     244     246)
          22    0.242263    0.596716  (       3     127     244     246)
          23    0.242354    0.589390  (       3     118     244     246)
          24    0.242507    0.698578  (       3     135     244     291)
          25    0.242766    0.665862  (       3     106     244     291)
          26    0.242766    0.665862  (       3     105     244     291)
          27    0.242851    0.597197  (       3     140     244     246)
          28    0.242896    0.587296  (       3     133     244     246)
          29    0.243017    0.707224  (       3     127     244     291)
          30    0.243054    0.581804  (       3     116     244     246)
          31    0.243204    0.592336  (       3     115     244     246)
          32    0.243366    0.655309  (      59      87     145     237)
          33    0.243601    0.595354  (       3     117     244     246)
          34    0.243658    0.596482  (       3     119     244     246)
          35    0.243723    0.589692  (       3     153     244     246)
          36    0.243807    0.580566  (       3     114     244     246)
          37    0.243807    0.712558  (       3     123     244     291)
          38    0.243866    0.658547  (      59      87     124     237)
          39    0.243959    0.580965  (       3     164     244     246)
          40    0.244052    0.596714  (       3     132     244     246)
          41    0.244052    0.601372  (       3     121     244     246)
          42    0.244077    0.703058  (       3     132     244     291)
          43    0.244342    0.602793  (       3     123     244     246)
          44    0.244569    0.597824  (       3     137     244     246)
          45    0.244718    0.696153  (       3     133     244     291)
          46    0.244859    0.666835  (      59      87     113     237)
          47    0.244887    0.702766  (       3     140     244     291)
          48    0.245047    0.605985  (       3     130     244     246)
          49    0.245329    0.607766  (       3     131     244     246)
          50    0.245405    0.682626  (      10     103     244     291)
          51    0.245490    0.718450  (       3     131     244     291)
          52    0.245692    0.672740  (      59      87     132     237)
          53    0.245712    0.543951  (       3     103     291     328)
          54    0.245823    0.689222  (       7     103     244     291)
          55    0.245827    0.651828  (      17     103     244     291)
          56    0.245942    0.713908  (       3     130     244     291)
          57    0.246020    0.707043  (       3     137     244     291)
          58    0.246024    0.665308  (      59      87     135     237)
          59    0.246404    0.671705  (      59      87     137     237)
          60    0.246493    0.595430  (       3     103     283     291)
          61    0.246650    0.666301  (      59      87     140     237)
          62    0.246670    0.598864  (       3     113     244     246)
          63    0.247114    0.669081  (      74      87     145     237)
          64    0.247172    0.666263  (      59      87     118     237)
          65    0.247238    0.597663  (       3     103     281     291)
          66    0.247246    0.669464  (      59      87     119     237)
          67    0.247298    0.672086  (      74      87     124     237)
          68    0.247314    0.669040  (      59      87     117     237)
          69    0.247336    0.668717  (      59      87     127     237)
          70    0.247487    0.668917  (      59      87     123     237)
          71    0.248306    0.623359  (       3     150     244     291)
          72    0.248364    0.669687  (      59      87     130     237)
          73    0.248982    0.584064  (       3     103     288     291)
          74    0.249166    0.721445  (      12     103     244     291)
          75    0.249184    0.673967  (      59      87     115     237)
          76    0.249259    0.672755  (      59      87     116     237)
          77    0.249296    0.676416  (      59      87     131     237)
          78    0.249516    0.712119  (      16     103     244     291)
          79    0.249615    0.681518  (      74      87     113     237)
          80    0.249774    0.589705  (       3     145     246     293)
          81    0.249880    0.583845  (       3     103     279     291)
          82    0.250062    0.589260  (       3     124     246     293)
          83    0.250139    0.674526  (      59      87     114     237)
          84    0.250580    0.647012  (       4     114     291     295)
          85    0.250636    0.700915  (      18     103     244     291)
          86    0.250940    0.687751  (      74      87     132     237)
          87    0.251000    0.675749  (      59      87     133     237)
          88    0.251044    0.680203  (      74      87     135     237)
          89    0.251276    0.733669  (      13     103     244     291)
          90    0.251298    0.680604  (      74      87     118     237)
          91    0.251483    0.695438  (       3     164     244     291)
          92    0.251601    0.581979  (       3     105     244     246)
          93    0.251607    0.582001  (       3     106     244     246)
          94    0.251926    0.686861  (      74      87     137     237)
          95    0.251989    0.681362  (      74      87     140     237)
          96    0.252067    0.675016  (      59      87     121     237)
          97    0.252287    0.683792  (      74      87     117     237)
          98    0.252309    0.684268  (      74      87     119     237)
          99    0.252353    0.579971  (      21     103     201     245)
         100    0.252386    0.763402  (      19     103     244     291)
