Model_ID, [(c_i,i=0,n)_j,j=1,ntask]
           1    0.1320114484E+02    0.5664031148E+01    0.2731606158E+01   -0.7421388220E-01   -0.3648952731E+01
           2    0.1380980325E+02    0.6021604415E+01    0.1330126503E-01   -0.7465739049E-01   -0.4038927664E+01
           3    0.1377852354E+02    0.5929043034E+01    0.2711959600E+01   -0.3867715231E+01    0.1752748038E+02
           4    0.1402898351E+02    0.6056709303E+01    0.4153827221E+00   -0.7507789768E-01   -0.3957706155E+01
           5    0.1407410144E+02    0.6069539616E+01    0.1154763977E-01   -0.7461459479E-01   -0.3957323169E+01
           6    0.1343226928E+02    0.5852407656E+01    0.8497531698E+00   -0.7385853322E-01   -0.3908281465E+01
           7    0.1415101831E+02    0.6076549089E+01    0.2661945900E+01   -0.3981653518E+01    0.1734029205E+00
           8    0.1382389106E+02    0.6012100336E+01   -0.5959922118E+01   -0.7353643514E-01   -0.4006670204E+01
           9    0.1411552753E+02    0.5994737524E+01    0.2723055626E+01   -0.3770280869E+01    0.1792096771E+00
          10    0.1419797973E+02    0.6072525845E+01    0.4359279901E+00   -0.7493897890E-01   -0.3868747802E+01
          11    0.1358147134E+02    0.5896289238E+01    0.8514551601E+00   -0.7313648184E-01   -0.3903098362E+01
          12    0.1619616186E+02    0.6664944820E+01    0.8835182007E+00   -0.6969152974E-01   -0.1321795926E-02
          13    0.1376576825E+02    0.5992739394E+01    0.3117881310E+00   -0.7543210866E-01   -0.4003698447E+01
          14    0.1606941194E+02    0.6619916767E+01    0.8799351878E+00   -0.7029346841E-01   -0.1317577153E-02
          15    0.1413000113E+02    0.6047463733E+01    0.5862714902E+00   -0.7533840466E-01   -0.3860605257E+01
          16    0.1353289031E+02    0.5842665926E+01    0.2757057667E+01   -0.3818916313E+01    0.1808637757E+00
          17    0.1401808951E+02    0.5961185068E+01    0.2725354942E+01   -0.3758354486E+01    0.1791810990E+00
          18    0.1367460704E+02    0.5884300296E+01    0.2748765885E+01   -0.3815600969E+01    0.1817053803E+00
          19    0.1417385783E+02    0.6055097512E+01    0.1098610252E+01   -0.7532592403E-01   -0.3846896365E+01
          20   -0.1074359349E+02   -0.6430377295E+03    0.4301079440E-01    0.6753890716E-01   -0.3300725397E-03
          21    0.1688040693E+02    0.6880077665E+01    0.1199633566E-01   -0.7049057897E-01   -0.1326847137E-02
          22    0.1680527451E+02    0.6844384910E+01    0.6581915571E-02   -0.7211192576E-01   -0.1313185187E-02
          23    0.1679760823E+02    0.6853520622E+01    0.1193126133E-01   -0.7084878459E-01   -0.1327047112E-02
          24    0.1425140404E+02    0.6102104548E+01    0.1154488816E-01   -0.7382346491E-01   -0.3906955323E+01
          25    0.1333946647E+02    0.5718640174E+01   -0.4663094044E-03   -0.7900441632E-01   -0.3649558512E+01
          26    0.1333928961E+02    0.5718609786E+01   -0.4661995464E-03   -0.7900372536E-01   -0.3649617812E+01
          27    0.1695222819E+02    0.6885186266E+01    0.3395426551E+00   -0.7104359134E-01   -0.1311777336E-02
          28    0.1671557209E+02    0.6797453432E+01    0.5406381768E-03   -0.7219283316E-01   -0.1300295705E-02
          29    0.1420712013E+02    0.6075587625E+01    0.6335890779E-02   -0.7534173888E-01   -0.3867198499E+01
          30    0.1677457576E+02    0.6839346533E+01    0.4282765543E+00   -0.7118185126E-01   -0.1321066381E-02
          31    0.1655423305E+02    0.6805026667E+01   -0.6171388458E+01   -0.6980471395E-01   -0.1349306643E-02
          32   -0.1695266734E+02    0.9241841867E+04    0.1114782632E+02    0.5931797736E+00    0.8938235625E+01
          33    0.1675630699E+02    0.6812444562E+01    0.6070655377E+00   -0.7189240643E-01   -0.1301608816E-02
          34    0.1678564906E+02    0.6817811000E+01    0.1138109172E+01   -0.7193310897E-01   -0.1298501101E-02
          35    0.1641453645E+02    0.6719458116E+01    0.1535643468E+01   -0.7306544598E-01   -0.1313272028E-02
          36    0.1664915262E+02    0.6817561288E+01    0.1366583556E-01   -0.7039033460E-01   -0.1337676394E-02
          37    0.1429617062E+02    0.6082889443E+01    0.2785015432E+00   -0.7535822832E-01   -0.3821756232E+01
          38   -0.1685737223E+02    0.9190626356E+04    0.1112516621E+02    0.5907500168E+00    0.8886221152E+01
          39    0.1643633454E+02    0.6859854213E+01   -0.2628051778E+01   -0.7139579484E-01   -0.1430064165E-02
          40    0.1682139221E+02    0.6848842362E+01    0.1201075681E-01   -0.6975956200E-01   -0.1317029270E-02
          41    0.1648444402E+02    0.6784737316E+01    0.3230817904E+00   -0.7182003418E-01   -0.1350263264E-02
          42    0.1420501241E+02    0.6076891004E+01    0.1156646249E-01   -0.7312931868E-01   -0.3883220842E+01
          43    0.1687848493E+02    0.6842173278E+01    0.2888844146E+00   -0.7209409941E-01   -0.1293975612E-02
          44    0.1690305831E+02    0.6862807497E+01    0.3397660437E+00   -0.7044153036E-01   -0.1306582528E-02
          45    0.1416087275E+02    0.6038807694E+01    0.5201512837E-03   -0.7531713819E-01   -0.3822765250E+01
          46   -0.1711926606E+02    0.9391779279E+04    0.1129758088E+02    0.3007046913E+00    0.8868699215E+01
          47    0.1436933324E+02    0.6116906411E+01    0.3265125438E+00   -0.7422585314E-01   -0.3853895703E+01
          48    0.1693757127E+02    0.6854309222E+01    0.4803710757E+00   -0.7225167584E-01   -0.1288569888E-02
          49    0.1683895328E+02    0.6853698484E+01   -0.2531343521E+01   -0.7180463405E-01   -0.1315527851E-02
          50   -0.2103004450E+02   -0.4339579655E+02    0.2747197156E+01   -0.8234778428E-01   -0.3852146757E+01
          51    0.1422670178E+02    0.6082493816E+01   -0.2437393018E+01   -0.7508361019E-01   -0.3877890946E+01
          52   -0.1718848899E+02    0.9374258802E+04    0.1131242726E+02    0.8028604772E-02    0.9055511015E+01
          53    0.1360398381E+02    0.5831561998E+01    0.2707332296E+01   -0.3756645543E+01    0.1742086709E+00
          54    0.1241869507E+02    0.5935207293E+01    0.2712959261E+01   -0.8300874034E-01   -0.3710165659E+01
          55   -0.2050728301E+02   -0.2199188207E+02    0.2750168327E+01   -0.8123650318E-01   -0.4035548718E+01
          56    0.1438396150E+02    0.6099103541E+01    0.4626223938E+00   -0.7540145658E-01   -0.3795933337E+01
          57    0.1432392292E+02    0.6097668606E+01    0.3269032774E+00   -0.7366755263E-01   -0.3843167029E+01
          58   -0.1726514926E+02    0.9430290346E+04    0.1131010476E+02    0.7982844057E-02    0.9078837753E+01
          59   -0.1718839572E+02    0.9355937419E+04    0.1133122678E+02    0.2270631515E+00    0.9097183619E+01
          60    0.1494234581E+02    0.6183087956E+01    0.2679581623E+01    0.1744585316E+00   -0.3813819275E+01
          61   -0.1724108336E+02    0.9394881335E+04    0.1132670967E+02    0.2261602122E+00    0.9113643019E+01
          62    0.1687710993E+02    0.6838356439E+01    0.4496598339E+00   -0.7119834047E-01   -0.1292870080E-02
          63    0.6137035450E+01   -0.1440191978E-01    0.1123980771E+02    0.5979528685E+00    0.8929896016E+01
          64   -0.1717057610E+02    0.9422041775E+04    0.1130352567E+02    0.7918523148E-02    0.8910047385E+01
          65    0.1491168166E+02    0.6174237204E+01    0.2678025849E+01    0.1742213269E+00   -0.3816443156E+01
          66   -0.1706699476E+02    0.9308763496E+04    0.1130860732E+02    0.7585356076E+00    0.8979943759E+01
          67    0.6105983639E+01   -0.1432454525E-01    0.1121616095E+02    0.5956895550E+00    0.8878574895E+01
          68   -0.1706216562E+02    0.9313194099E+04    0.1130299606E+02    0.4044207364E+00    0.8960135454E+01
          69   -0.1712283177E+02    0.9343681743E+04    0.1133838947E+02    0.4373462751E-02    0.8988760938E+01
          70   -0.1710692258E+02    0.9318927801E+04    0.1132608245E+02    0.1925559911E+00    0.9028642547E+01
          71    0.1446334456E+02    0.6002389785E+01    0.3193256671E+01   -0.7437718199E-01   -0.3467523788E+01
          72   -0.1712104527E+02    0.9309534062E+04    0.1133537738E+02    0.3201757925E+00    0.9080382710E+01
          73    0.1463125308E+02    0.6149099280E+01    0.2669155706E+01    0.2223752578E+00   -0.3803071588E+01
          74    0.2696331608E+02   -0.1938418256E+02    0.2750073470E+01   -0.8306173203E-01   -0.3820449601E+01
          75   -0.1714412783E+02    0.9374142332E+04    0.1127936964E+02   -0.4095646853E+01    0.8982189039E+01
          76   -0.1709922913E+02    0.9378542032E+04    0.1131276868E+02    0.2837703504E+00    0.8872289293E+01
          77   -0.1715794612E+02    0.9331379004E+04    0.1134860852E+02   -0.1683536534E+01    0.9108637469E+01
          78   -0.3793260068E+00    0.5678901327E+01    0.2752465153E+01   -0.8255476829E-01   -0.3941673959E+01
          79    0.6340164043E+01   -0.1462683136E-01    0.1139309617E+02    0.3028101497E+00    0.8856159408E+01
          80    0.1678015032E+02    0.6942621628E+01    0.8768815285E+00   -0.1406582230E-02    0.1643465446E+02
          81    0.1459852801E+02    0.6138130798E+01    0.2672650262E+01    0.2238363402E+00   -0.3800111812E+01
          82    0.1665928661E+02    0.6900032263E+01    0.8731221867E+00   -0.1402973400E-02    0.1657065504E+02
          83   -0.1707541567E+02    0.9404592614E+04    0.1129014843E+02    0.9039455392E-02    0.8768833955E+01
          84    0.1268086453E+02    0.5531219109E+01    0.1348286338E-01   -0.3557124543E+01    0.1720478092E+00
          85    0.9937329958E+01    0.1048368982E+02    0.2751103298E+01   -0.8229126728E-01   -0.4005859275E+01
          86    0.6222490735E+01   -0.1459317208E-01    0.1140848156E+02    0.8080019733E-02    0.9042293994E+01
          87   -0.1700922601E+02    0.9224380714E+04    0.1131256305E+02    0.3593817485E-03    0.9088707662E+01
          88    0.6288342962E+01   -0.1468429795E-01    0.1140632041E+02    0.8036410282E-02    0.9066702123E+01
          89    0.1097649714E+02    0.5868997991E+01    0.2750740944E+01   -0.8328916041E-01   -0.3812945760E+01
          90    0.6369208112E+01   -0.1468159039E-01    0.1139874557E+02    0.7979971881E-02    0.8900079729E+01
          91    0.1372238950E+02    0.6030582144E+01   -0.2506509716E+01   -0.7448895353E-01   -0.4149493882E+01
          92    0.1586291015E+02    0.6429951062E+01   -0.4794188877E-03   -0.7548684419E-01   -0.1211784274E-02
          93    0.1586312198E+02    0.6429970939E+01   -0.4795292242E-03   -0.7548722191E-01   -0.1211747681E-02
          94    0.6174221930E+01   -0.1456081601E-01    0.1142759353E+02    0.2284391595E+00    0.9083079982E+01
          95    0.6220760699E+01   -0.1462443291E-01    0.1142314075E+02    0.2275850762E+00    0.9100394091E+01
          96   -0.1703771785E+02    0.9306411243E+04    0.1132712058E+02    0.2133945682E+00    0.8937697754E+01
          97    0.6197286794E+01   -0.1449955870E-01    0.1139832526E+02    0.4071185520E+00    0.8947218946E+01
          98    0.6180589701E+01   -0.1449151230E-01    0.1140403877E+02    0.7635130514E+00    0.8966811517E+01
          99    0.8208407739E+02    0.5660502409E+01    0.2328860938E+01    0.6414473844E-02    0.1572899246E+02
         100    0.1080749108E+02    0.5791286550E+01    0.2769036132E+01   -0.8338797135E-01   -0.3935616082E+01
