materials	property	feature1	feature2	feature3	feature4	feature5	feature6	feature7	feature8	feature9	feature10	feature11	feature12	feature13	feature14	feature15	feature16	feature17	feature18	feature19	feature20	feature21	feature22	feature23	feature24	feature25	feature26	feature27	feature28	feature29	feature30	feature31
LPP1	-0.24209325066876172	3.2283599999999999	3.3240599999999998	3.3976799999999998	2.60412	3.91025	2.7303899999999999	2.3291900000000001	1.8746400000000001	-0.03075	0.26600000000000001	-0.050999999999999997	-2028.8613929999999	0.44232100000000002	-2029.3037139999999	-0.42799999999999999	-0.18099999999999999	1.3300000000000001	1.327	-0.372	-0.012999999999999999	0.41099999999999998	0.377	2	0.66385284286209834	2026.0799999999999	91.300299999999993	97.552639999999997	170.92443	86.987549999999999	84.658879999999996	101.62456
LPP2	-0.31562941009314649	3.2120899999999999	3.4714499999999999	3.3215499999999998	2.5621900000000002	3.9235099999999998	2.7359100000000001	2.33657	1.87497	-0.028879999999999999	0.045999999999999999	-0.13200000000000001	-2068.1168654999997	0.47075600000000001	-2068.5876214999998	-0.44500000000000001	-0.185	1.3340000000000001	1.3140000000000001	-0.436	-0.021999999999999999	0.34000000000000002	0.35199999999999998	3	0.68523343634700895	2051.6799999999998	90.623170000000002	94.937669999999997	176.22888	86.754450000000006	91.235280000000003	98.622159999999994
LPP3	0.89751821053151226	3.3640699999999999	3.5101100000000001	3.2869999999999999	2.6009600000000002	3.94923	2.7466699999999999	2.3611499999999999	1.8753899999999999	-0.036900000000000002	0.224	-0.24399999999999999	-2107.3581497	0.50203299999999995	-2107.8601827000002	-0.441	-0.19800000000000001	1.304	1.323	-0.43099999999999999	-0.024	0.41499999999999998	0.317	4	0.71001781716123746	2059.1999999999998	95.518289999999993	92.888689999999997	178.54640000000001	87.085520000000002	93.058610000000002	98.167490000000001
LPP4	0.69212144158832101	3.4410599999999998	3.4021499999999998	3.38849	2.5392399999999999	3.95173	2.6618400000000002	2.3759999999999999	1.8708	-0.032969999999999999	0.20000000000000001	-0.129	-2146.6084310000001	0.52676900000000004	-2147.1352000000002	-0.443	-0.184	1.29	1.2989999999999999	-0.41999999999999998	-0.0080000000000000002	0.28499999999999998	0.29399999999999998	5	0.72414146510674526	2095.2399999999998	97.680409999999995	95.958420000000004	174.90545	83.472350000000006	100.54588	91.942959999999999
LPP5	0.55575757750917687	3.3603700000000001	3.66316	3.2330899999999998	2.54562	3.96631	2.5963699999999998	2.38808	1.8789	-0.031179999999999999	0.219	-0.073999999999999996	-2185.8668152999999	0.55390300000000003	-2186.4207182999999	-0.46700000000000003	-0.187	1.2729999999999999	1.26	-0.442	-0.002	0.34499999999999997	0.245	6	0.75164178045473184	2066.9499999999998	94.888310000000004	90.663499999999999	174.21494000000001	79.295599999999993	106.48911	93.241129999999998
LPP6	0.53465213853603022	3.56534	3.37385	3.3577599999999999	2.4914700000000001	4.0159099999999999	2.6001400000000001	2.4704899999999999	1.88422	-0.029409999999999999	0.32500000000000001	0.060999999999999999	-2264.3538988999999	0.60670900000000005	-2264.9606079	-0.46100000000000002	-0.20399999999999999	1.2	1.268	-0.39600000000000002	0.045999999999999999	0.30599999999999999	0.32100000000000001	8	0.74786745924127274	2151.77	100.76124	92.71302	169.53650999999999	80.652100000000004	109.14698	92.093119999999999
LPP7	0.47766065120037926	3.2900200000000002	3.5790299999999999	3.33087	2.5590799999999998	3.9323000000000001	2.6474600000000001	2.3416700000000001	1.8801099999999999	-0.035959999999999999	0.125	-0.085999999999999993	-2374.3060064000001	0.56149899999999997	-2374.8675054	-0.438	-0.18099999999999999	1.3260000000000001	1.321	-0.41399999999999998	-0.019	0.38500000000000001	0.29699999999999999	4	0.71615921919838543	2035.8399999999999	93.374960000000002	95.019819999999996	177.89458999999999	83.138459999999995	96.404229999999998	94.534890000000004
LPP8	1.4843100814132619	3.35026	3.5882800000000001	3.3584100000000001	2.6269900000000002	3.9127800000000001	2.7623899999999999	2.3275199999999998	1.8851199999999999	-0.042220000000000001	0.129	-0.080000000000000002	-2181.1491004	0.46303	-2181.6121303999998	-0.44800000000000001	-0.191	1.321	1.319	-0.41699999999999998	-0.019	0.34999999999999998	0.45000000000000001	2	0.66413271420011988	2025.6300000000001	96.148520000000005	96.674490000000006	172.67856	88.579459999999997	84.640020000000007	99.881339999999994
LPP9	1.4435218974792927	3.3326899999999999	3.6429999999999998	3.3081	2.5574400000000002	3.9332400000000001	2.6945899999999998	2.3469799999999998	1.8872599999999999	-0.034389999999999997	0.19400000000000001	-0.076999999999999999	-2259.6632044000003	0.52023200000000003	-2260.1834364000001	-0.441	-0.188	1.3180000000000001	1.327	-0.41799999999999998	-0.019	0.371	0.39400000000000002	4	0.72864502853899282	2062.8899999999999	95.026039999999995	94.293180000000007	177.71019999999999	85.262029999999996	94.681259999999995	95.861320000000006
LPP10	0.56398903684980917	3.3992100000000001	3.2688899999999999	3.4281799999999998	2.5571299999999999	4.0171900000000003	2.5303	2.4381499999999998	1.8648	-0.064509999999999998	0.20499999999999999	-0.086999999999999994	-2181.0482435999998	0.46251199999999998	-2181.5107555999998	-0.44800000000000001	-0.17000000000000001	1.2949999999999999	1.321	-0.379	0.0040000000000000001	0.374	0.35299999999999998	4	0.72606902967424558	2068.9200000000001	94.275859999999994	95.04674	175.98954000000001	75.690809999999999	108.2118	93.699110000000005
LPP11	0.34520079046598323	3.5733899999999998	3.5438000000000001	3.5862699999999998	2.4478200000000001	4.0025599999999999	2.61239	2.4377800000000001	1.8674299999999999	-0.012710000000000001	0.42899999999999999	0.0089999999999999993	-1964.4856096999999	0.65685000000000004	-1965.1424597	-0.47099999999999997	-0.19800000000000001	1.258	1.3029999999999999	-0.48599999999999999	0.0060000000000000001	0.33000000000000002	0.28399999999999997	4	0.77115590804452716	2168.54	101.11262000000001	101.89512999999999	177.32311999999999	79.960400000000007	97.401390000000006	96.267669999999995
LPP12	2.4143308670948715	3.3349099999999998	3.3426200000000001	3.3144300000000002	2.5263100000000001	3.95017	2.5587499999999999	2.3793700000000002	1.8704799999999999	-0.042529999999999998	0.182	0.0040000000000000001	-2603.7039959999997	0.60149699999999995	-2604.3054929999998	-0.44	-0.17799999999999999	1.274	1.26	-0.36599999999999999	-0.001	0.39800000000000002	0.41999999999999998	5	0.72100178171612372	2090.6300000000001	93.952640000000002	93.032399999999996	172.30071000000001	78.179739999999995	109.41567000000001	91.767089999999996
LPP13	1.0432009079140554	3.33005	3.3814500000000001	3.3875199999999999	2.5402399999999998	3.9541200000000001	2.5895700000000001	2.3699699999999999	1.8763399999999999	-0.03984	0.28999999999999998	-0.080000000000000002	-2487.1155369999997	0.54121900000000001	-2487.6567559999999	-0.42899999999999999	-0.17999999999999999	1.29	1.3089999999999999	-0.372	-0.002	0.496	0.47699999999999998	5	0.72905498092144683	2064.5100000000002	94.066760000000002	96.123869999999997	178.26201	80.241039999999998	101.34435000000001	93.361660000000001
LPP14	2.9417131861252934	3.38097	3.3278599999999998	3.2326600000000001	2.5715599999999998	3.9489399999999999	2.7320099999999998	2.3799999999999999	1.8687499999999999	-0.032870000000000003	0.193	-0.157	-2541.2486749000004	0.54015800000000003	-2541.7888329000002	-0.434	-0.191	1.2949999999999999	1.292	-0.34499999999999997	-0.023	0.48899999999999999	0.47999999999999998	5	0.72669381287250479	2110.3600000000001	95.923519999999996	90.055769999999995	172.41138000000001	85.478409999999997	102.10760000000001	94.500489999999999
LPP15	2.7257913082719933	3.3207800000000001	3.4840800000000001	3.3775400000000002	2.4846699999999999	3.99593	2.5237799999999999	2.4215200000000001	1.8688899999999999	-0.03125	0.20399999999999999	-0.036999999999999998	-2617.8758306	0.88189399999999996	-2618.7577246000001	-0.46200000000000002	-0.193	1.286	1.2809999999999999	-0.41899999999999998	0.010999999999999999	0.33000000000000002	0.45200000000000001	5	0.74853757371259189	2091.3400000000001	92.796509999999998	95.049170000000004	175.38147000000001	75.525170000000003	109.02504999999999	93.419219999999996
LPP16	0.21349014441234762	3.25726	3.8306100000000001	3.4859200000000001	2.4214099999999998	4.0650399999999998	2.6128900000000002	2.5039199999999999	1.86595	-0.03091	0.29299999999999998	-0.029000000000000001	-2308.522618	0.74630099999999999	-2309.2689190000001	-0.48099999999999998	-0.19700000000000001	1.2030000000000001	1.131	-0.49199999999999999	-0.02	0.24199999999999999	0.20599999999999999	5	0.78534065466241998	2159.0500000000002	87.88485	96.719809999999995	176.37168	73.334670000000003	109.25429	97.388249999999999
LPP17	0.65946213381380014	3.4039700000000002	3.4181400000000002	3.3521899999999998	2.5081799999999999	4.0338000000000003	2.63808	2.4825400000000002	1.8635299999999999	-0.054239999999999997	0.12	-0.074999999999999997	-2485.9201693	0.52086299999999996	-2486.4410323000002	-0.46100000000000002	-0.185	1.23	1.2390000000000001	-0.40000000000000002	0.017000000000000001	0.46700000000000003	0.46800000000000003	5	0.7131180820535461	2145.8699999999999	93.603769999999997	91.958590000000001	170.53193999999999	79.040790000000001	110.28084	90.965159999999997
LPP18	2.9212026636021684	3.3135400000000002	3.5177800000000001	3.3256399999999999	2.47817	3.9330799999999999	2.6422599999999998	2.3702100000000002	1.8710599999999999	-0.032059999999999998	0.22800000000000001	-0.0050000000000000001	-2490.4635803000001	0.59358299999999997	-2491.0571633	-0.44900000000000001	-0.182	1.2929999999999999	1.2749999999999999	-0.44900000000000001	-0.001	0.33200000000000002	0.39300000000000002	6	0.77387184257828512	2146.0100000000002	93.289469999999994	93.690669999999997	172.30779999999999	82.375029999999995	105.29232	93.973129999999998
LPP19	-0.038171768474940221	3.36002	3.2768299999999999	3.4697200000000001	2.5133800000000002	3.9487199999999998	2.7342599999999999	2.3743799999999999	1.8752800000000001	-0.043810000000000002	0.27900000000000003	-0.059999999999999998	-2411.9369523999999	0.54060900000000001	-2412.4775614	-0.432	-0.17899999999999999	1.284	1.3120000000000001	-0.40799999999999997	-0.0080000000000000002	0.49099999999999999	0.47299999999999998	4	0.71152951657153674	2130.48	94.975729999999999	98.791129999999995	179.25899000000001	87.05444	92.650289999999998	98.627870000000001
LPP20	0.54369868486920947	3.65354	3.5606399999999998	3.4641700000000002	2.6262300000000001	3.94482	2.7232799999999999	2.3668999999999998	1.8733500000000001	-0.058369999999999998	0.27600000000000002	-0.14999999999999999	-2718.9086769	0.62946199999999997	-2719.5381388999999	-0.44600000000000001	-0.186	1.288	1.29	-0.434	0.0089999999999999993	0.39900000000000002	0.46300000000000002	4	0.7137803128252026	2056.23	106.47298000000001	99.352209999999999	173.06072	85.094250000000002	91.252110000000002	92.080709999999996
LPP21	0.04744993229014019	3.4910800000000002	3.4511799999999999	3.3511899999999999	2.61673	3.9528599999999998	2.7201399999999998	2.3706499999999999	1.8754599999999999	-0.03789	0.29099999999999998	-0.17000000000000001	-2788.7638056999999	0.565612	-2789.3294176999998	-0.45500000000000002	-0.19500000000000001	1.2949999999999999	1.3009999999999999	-0.39200000000000002	0.0070000000000000001	0.438	0.437	4	0.71430457885276399	2066.3499999999999	100.50066	95.18835	177.37985	85.725369999999998	93.306749999999994	94.951040000000006
LPP22	3.4082787717315237	3.4235500000000001	3.2059799999999998	3.3082600000000002	2.5342500000000001	3.8650000000000002	2.4699599999999999	2.29101	1.8908499999999999	-0.035639999999999998	0.41999999999999998	0.107	-3403.6665082	0.78946300000000003	-3404.4559712	-0.40100000000000002	-0.182	2.1110000000000002	2.1200000000000001	-0.24299999999999999	0.078	0.70899999999999996	0.76300000000000001	6	0.79539631358203777	2104.3000000000002	99.215090000000004	94.282979999999995	171.78880000000001	78.43723	109.57922000000001	92.457239999999999
LPP23	1.3646472034743837	3.46347	3.2227899999999998	3.2928799999999998	2.5890900000000001	3.8653200000000001	2.48516	2.2888000000000002	1.893	-0.037350000000000001	0.35999999999999999	0.068000000000000005	-2860.7888369000002	0.52000900000000005	-2861.3088459000001	-0.40200000000000002	-0.17899999999999999	2.0960000000000001	2.1059999999999999	-0.253	0.058999999999999997	0.66300000000000003	0.747	6	0.72365858850241238	2098.52	100.78125	93.854889999999997	171.71673999999999	78.991839999999996	108.34864	91.275270000000006
LPP24	2.0634857326821634	3.4547300000000001	3.21305	3.2912300000000001	2.5894400000000002	3.8645100000000001	2.4792399999999999	2.2848600000000001	1.8946099999999999	-0.056779999999999997	0.39300000000000002	0.072999999999999995	-3781.6932586000003	0.77912199999999998	-3782.4723806000002	-0.39800000000000002	-0.17899999999999999	2.1000000000000001	2.1070000000000002	-0.25800000000000001	0.063	0.69499999999999995	0.752	6	0.72773446122796503	2101.79	100.49965	93.827529999999996	172.49136999999999	78.924639999999997	107.90356	91.990809999999996
