     Index              y_true              y_pred        descriptor_1        descriptor_2
         1   -0.2420932507E+00   -0.2136340741E+00    0.3327359000E+01    0.1425703497E+02
         2   -0.3156294101E+00    0.9230632909E-01    0.3286794000E+01    0.2122309190E+02
         3    0.8975182105E+00    0.6100737057E+00    0.3215967000E+01    0.3183020992E+02
         4    0.6921214416E+00    0.4500657067E+00    0.3281721000E+01    0.5238640178E+02
         5    0.5557575775E+00    0.1032427989E+01    0.3121187000E+01    0.2037645480E+02
         6    0.5346521385E+00    0.7811576616E+00    0.3147051000E+01    0.1060610421E+02
         7    0.4776606512E+00    0.1031822109E+01    0.3183371000E+01    0.5410606374E+02
         8    0.1484310081E+01    0.1373301748E+01    0.3312380000E+01    0.1565779797E+03
         9    0.1443521897E+01    0.1560567267E+01    0.3205868000E+01    0.1164606610E+03
        10    0.5639890368E+00    0.8120069681E+00    0.3344668000E+01    0.1209041874E+03
        11    0.3452007905E+00    0.2787784991E+00    0.3415420000E+01    0.1087904308E+03
        12    0.2414330867E+01    0.2135234561E+01    0.3078933000E+01    0.1019768213E+03
        13    0.1043200908E+01    0.7372112032E+00    0.3218301000E+01    0.4515245174E+02
        14    0.2941713186E+01    0.1451289265E+01    0.3037502000E+01    0.1461987985E+02
        15    0.2725791308E+01    0.2448052757E+01    0.2914646000E+01    0.4237186260E+02
        16    0.2134901444E+00    0.3058658341E+00    0.3231619000E+01    0.1149218785E+02
        17    0.6594621338E+00    0.7921586956E+00    0.3231327000E+01    0.5743964794E+02
        18    0.2921202664E+01    0.2965402553E+01    0.3181057000E+01    0.2361742772E+03
        19   -0.3817176847E-01   -0.1614338967E+00    0.3337111000E+01    0.2450485925E+02
        20    0.5436986849E+00    0.8693113001E-01    0.3268708000E+01    0.1088661479E+02
        21    0.4744993229E-01    0.6547901558E+00    0.3177578000E+01    0.1521156145E+02
        22    0.3408278772E+01    0.3064276276E+01    0.2761797000E+01    0.1774791519E+02
        23    0.1364647203E+01    0.1493479169E+01    0.3025871000E+01    0.1230037711E+02
        24    0.2063485733E+01    0.2963457318E+01    0.2770108000E+01    0.1270482545E+02
