     Index              y_true              y_pred        descriptor_1        descriptor_2        descriptor_3
         1   -0.2420932507E+00   -0.5357547903E+00    0.2197693377E+00    0.6029742464E-01   -0.1176470588E-01
         2   -0.3156294101E+00   -0.8006852355E-01    0.2307532914E+00    0.8158535172E-01   -0.4820143885E+00
         3    0.8975182105E+00    0.4004837813E+00    0.2390632381E+00    0.1205506541E+00   -0.9384615385E+01
         4    0.6921214416E+00    0.6204351936E+00    0.2340099548E+00    0.1707326988E+00   -0.3850000000E+02
         5    0.5557575775E+00    0.7626077447E+00    0.2515458974E+00    0.5799077355E-01   -0.1137500000E+02
         6    0.5346521385E+00    0.3993167095E+00    0.2462715062E+00    0.3988459560E-01    0.1000000000E+01
         7    0.4776606512E+00    0.2378396158E+00    0.2360546824E+00    0.1805624795E+00    0.6553571429E+01
         8    0.1484310081E+01    0.1309343587E+01    0.2283490685E+00    0.8555621043E+00    0.4080645161E+01
         9    0.1443521897E+01    0.1067242836E+01    0.2500411889E+00    0.5376197364E+00    0.4383333333E+02
        10    0.5639890368E+00    0.9305768377E+00    0.2361061888E+00    0.4579182233E+00   -0.6971428571E+01
        11    0.3452007905E+00    0.5374090331E+00    0.2335229730E+00    0.3629346590E+00    0.3359307359E+01
        12    0.2414330867E+01    0.2554708317E+01    0.2490997473E+00    0.4564026776E+00   -0.1147500000E+03
        13    0.1043200908E+01    0.1000912855E+01    0.2504895967E+00    0.2318787036E+00   -0.5200000000E+01
        14    0.2941713186E+01    0.2595293448E+01    0.2639969386E+00    0.8180307614E-01   -0.1360000000E+03
        15    0.2725791308E+01    0.2818497834E+01    0.2558630454E+00    0.2006516740E+00   -0.1634545455E+03
        16    0.2134901444E+00    0.1975096451E+00    0.2394389664E+00    0.2331646097E-01   -0.7020833333E+01
        17    0.6594621338E+00    0.9100593451E+00    0.2472507297E+00    0.2844673531E+00    0.1784615385E+01
        18    0.2921202664E+01    0.2966042923E+01    0.2638823185E+00    0.9795613161E+00   -0.4391304348E+01
        19   -0.3817176847E-01    0.2968759794E+00    0.2374361023E+00    0.1239712743E+00   -0.4690000000E+01
        20    0.5436986849E+00    0.2333081195E+00    0.2378340157E+00    0.6502105812E-01   -0.8266666667E+01
        21    0.4744993229E-01    0.5066902049E+00    0.2451125626E+00    0.8226176560E-01   -0.5302083333E+01
        22    0.3408278772E+01    0.3066195825E+01    0.3125010072E+00    0.1547005237E+00    0.3256302521E+01
        23    0.1364647203E+01    0.1917745437E+01    0.2842469356E+00    0.1078488557E+00    0.3701657459E+01
        24    0.2063485733E+01    0.2032316975E+01    0.2865965120E+00    0.1127078050E+00    0.2046728972E+01
