     Index              y_true              y_pred        descriptor_1
         1   -0.2420932507E+00   -0.2260852949E+00    0.4550225298E+01
         2   -0.3156294101E+00    0.3413508655E+00    0.4333632661E+01
         3    0.8975182105E+00    0.7359997310E+00    0.4182993621E+01
         4    0.6921214416E+00    0.4993533680E+00    0.4273322478E+01
         5    0.5557575775E+00    0.1279813751E+01    0.3975417649E+01
         6    0.5346521385E+00    0.1056757576E+01    0.4060559077E+01
         7    0.4776606512E+00    0.5963288218E+00    0.4236306562E+01
         8    0.1484310081E+01    0.2218142660E+00    0.4379260256E+01
         9    0.1443521897E+01    0.1217138383E+01    0.3999341086E+01
        10    0.5639890368E+00    0.5987499310E+00    0.4235382415E+01
        11    0.3452007905E+00    0.4760068492E+00    0.4282233937E+01
        12    0.2414330867E+01    0.1177539599E+01    0.4014456099E+01
        13    0.1043200908E+01    0.1235894598E+01    0.3992181764E+01
        14    0.2941713186E+01    0.1771018842E+01    0.3787922714E+01
        15    0.2725791308E+01    0.1455543564E+01    0.3908340881E+01
        16    0.2134901444E+00    0.7531962117E+00    0.4176429656E+01
        17    0.6594621338E+00    0.1098888733E+01    0.4044477447E+01
        18    0.2921202664E+01    0.1766708371E+01    0.3789568038E+01
        19   -0.3817176847E-01    0.6609001407E+00    0.4211659433E+01
        20    0.5436986849E+00    0.6793605406E+00    0.4204613025E+01
        21    0.4744993229E-01    0.1006458978E+01    0.4079758252E+01
        22    0.3408278772E+01    0.3311304166E+01    0.3199989686E+01
        23    0.1364647203E+01    0.2477993102E+01    0.3518067830E+01
        24    0.2063485733E+01    0.2553553840E+01    0.3489225996E+01
