     Index              y_true              y_pred        descriptor_1        descriptor_2        descriptor_3        descriptor_4
         1   -0.2420932507E+00   -0.4999023724E+00    0.2197693377E+00   -0.1176470588E-01    0.1013702230E+02   -0.6557782944E+01
         2   -0.3156294101E+00   -0.1384230403E+00    0.2307532914E+00   -0.4820143885E+00    0.1433975895E+02   -0.6502890263E+01
         3    0.8975182105E+00    0.6254108254E+00    0.2390632381E+00   -0.9384615385E+01    0.2481956571E+02   -0.6595385911E+01
         4    0.6921214416E+00    0.5765042988E+00    0.2340099548E+00   -0.3850000000E+02    0.3536155843E+02   -0.6453972394E+01
         5    0.5557575775E+00    0.7270928754E+00    0.2515458974E+00   -0.1137500000E+02    0.1490362407E+02   -0.6473286919E+01
         6    0.5346521385E+00    0.1174882479E+00    0.2462715062E+00    0.1000000000E+01    0.7596806499E+01   -0.6396143141E+01
         7    0.4776606512E+00    0.5789922237E+00    0.2360546824E+00    0.6553571429E+01    0.3773747918E+02   -0.6630660716E+01
         8    0.1484310081E+01    0.1312852037E+01    0.2283490685E+00    0.4080645161E+01    0.1268104835E+03   -0.6559478293E+01
         9    0.1443521897E+01    0.1470463185E+01    0.2500411889E+00    0.4383333333E+02    0.8641583659E+02   -0.6689569575E+01
        10    0.5639890368E+00    0.5863542526E+00    0.2361061888E+00   -0.6971428571E+01    0.7816399440E+02   -0.6329549854E+01
        11    0.3452007905E+00    0.4314750922E+00    0.2335229730E+00    0.3359307359E+01    0.7524328124E+02   -0.6373482237E+01
        12    0.2414330867E+01    0.2519752013E+01    0.2490997473E+00   -0.1147500000E+03    0.6471049943E+02   -0.6510688761E+01
        13    0.1043200908E+01    0.1106415921E+01    0.2504895967E+00   -0.5200000000E+01    0.2930397986E+02   -0.6607882592E+01
        14    0.2941713186E+01    0.2889881781E+01    0.2639969386E+00   -0.1360000000E+03    0.1081288739E+02   -0.6627669245E+01
        15    0.2725791308E+01    0.2714340187E+01    0.2558630454E+00   -0.1634545455E+03    0.2608225387E+02   -0.6463500888E+01
        16    0.2134901444E+00    0.4170585134E+00    0.2394389664E+00   -0.7020833333E+01    0.6261232648E+01   -0.6615873923E+01
        17    0.6594621338E+00    0.5388699326E+00    0.2472507297E+00    0.1784615385E+01    0.3624501878E+02   -0.6404318724E+01
        18    0.2921202664E+01    0.2985593282E+01    0.2638823185E+00   -0.4391304348E+01    0.1437452642E+03   -0.6552827959E+01
        19   -0.3817176847E-01    0.2138131497E+00    0.2374361023E+00   -0.4690000000E+01    0.1547338156E+02   -0.6517406122E+01
        20    0.5436986849E+00    0.3297990904E+00    0.2378340157E+00   -0.8266666667E+01    0.9548322724E+01   -0.6579156771E+01
        21    0.4744993229E-01    0.3244036982E+00    0.2451125626E+00   -0.5302083333E+01    0.1258885118E+02   -0.6448100761E+01
        22    0.3408278772E+01    0.3031192989E+01    0.3125010072E+00    0.3256302521E+01    0.1218391115E+02   -0.6540030039E+01
        23    0.1364647203E+01    0.1829303827E+01    0.2842469356E+00    0.3701657459E+01    0.9081199938E+01   -0.6510750166E+01
        24    0.2063485733E+01    0.2056856923E+01    0.2865965120E+00    0.2046728972E+01    0.9429714993E+01   -0.6561650549E+01
