        Rank        RMSE       MaxAE  Feature_ID
           1    0.282447    0.553098  (       4     160     162)
           2    0.284833    0.531685  (       4     162     188)
           3    0.285161    0.530587  (       4     162     198)
           4    0.285273    0.536378  (       4     162     193)
           5    0.286671    0.540784  (       4     162     179)
           6    0.287336    0.542071  (       4     162     199)
           7    0.287953    0.670966  (       6     169     201)
           8    0.290256    0.692760  (       6     167     201)
           9    0.290261    0.692766  (       6     168     201)
          10    0.291187    0.545597  (      86     160     162)
          11    0.291351    0.513544  (       6     169     260)
          12    0.292114    0.531996  (       4     162     191)
          13    0.292474    0.538054  (       4     162     186)
          14    0.292647    0.700795  (       6     160     201)
          15    0.292770    0.537557  (       4     162     182)
          16    0.293057    0.646652  (       6     160     203)
          17    0.293772    0.672387  (       6     169     202)
          18    0.294151    0.716097  (      65     162     164)
          19    0.295035    0.536765  (       4     162     196)
          20    0.295094    0.537767  (       4     162     184)
          21    0.295107    0.707934  (       6     169     205)
          22    0.295555    0.701251  (       6     200     201)
          23    0.295690    0.670689  (       6     169     204)
          24    0.296126    0.533054  (       4     162     189)
          25    0.296310    0.698269  (       6     169     206)
          26    0.296431    0.596506  (       6     167     260)
          27    0.296437    0.596557  (       6     168     260)
          28    0.297697    0.698020  (       6     167     203)
          29    0.297701    0.698022  (       6     168     203)
          30    0.297758    0.687259  (       6     169     208)
          31    0.297779    0.687091  (       6     169     210)
          32    0.297797    0.686812  (       6     169     209)
          33    0.297838    0.713057  (       6     180     201)
          34    0.297865    0.684517  (       6     169     211)
          35    0.297886    0.695541  (       6     167     202)
          36    0.297892    0.695547  (       6     168     202)
          37    0.297913    0.686889  (       6     169     213)
          38    0.297971    0.686223  (       6     169     212)
          39    0.297997    0.686146  (       6     169     214)
          40    0.298018    0.695498  (       6     169     243)
          41    0.298055    0.683755  (       6     169     215)
          42    0.298105    0.685958  (       6     169     216)
          43    0.298174    0.685869  (       6     169     217)
          44    0.298261    0.685784  (       6     169     219)
          45    0.298308    0.717961  (       6     185     201)
          46    0.298329    0.684389  (       6     169     218)
          47    0.298445    0.698530  (       6     169     236)
          48    0.298445    0.698529  (       6     169     237)
          49    0.298446    0.684193  (       6     169     207)
          50    0.298446    0.684995  (       6     169     222)
          51    0.298448    0.685738  (       6     169     221)
          52    0.298539    0.685119  (       6     169     228)
          53    0.298553    0.684487  (       6     169     224)
          54    0.298560    0.685468  (       6     169     223)
          55    0.298562    0.687342  (       6     169     235)
          56    0.298567    0.684873  (       6     169     231)
          57    0.298569    0.684360  (       6     169     220)
          58    0.298572    0.684470  (       6     169     227)
          59    0.298599    0.685190  (       6     169     232)
          60    0.298608    0.683948  (       6     169     230)
          61    0.298611    0.683551  (       6     169     229)
          62    0.298612    0.685064  (       6     169     234)
          63    0.298627    0.684883  (       6     169     225)
          64    0.298670    0.684636  (       6     169     233)
          65    0.298693    0.684640  (       6     169     238)
          66    0.298697    0.685679  (       6     169     226)
          67    0.298761    0.684261  (       6     169     239)
          68    0.298767    0.684186  (       6     169     240)
          69    0.298773    0.689432  (       6     169     244)
          70    0.298823    0.693595  (       6     169     241)
          71    0.298957    0.693031  (       6     169     246)
          72    0.299036    0.726763  (       6     197     201)
          73    0.299067    0.683471  (       6     169     245)
          74    0.299378    0.535294  (       4     162     190)
          75    0.299433    0.691411  (       6     169     252)
          76    0.299438    0.683250  (       6     169     248)
          77    0.299441    0.682585  (       6     169     249)
          78    0.299475    0.548052  (       6     200     260)
          79    0.299479    0.716261  (       6     169     242)
          80    0.299571    0.726587  (       6     192     201)
          81    0.299606    0.695770  (       6     169     253)
          82    0.299634    0.727043  (       6     195     201)
          83    0.299666    0.534696  (       4     162     195)
          84    0.299687    0.535173  (       4     162     192)
          85    0.299699    0.684121  (       6     169     250)
          86    0.299702    0.695433  (       6     169     254)
          87    0.299915    0.727147  (       6     190     201)
          88    0.300003    0.681837  (       6     169     251)
          89    0.300051    0.700953  (       6     169     247)
          90    0.300159    0.703681  (       6     160     202)
          91    0.300179    0.729841  (       6     189     201)
          92    0.300321    0.694065  (       6     167     204)
          93    0.300327    0.694071  (       6     168     204)
          94    0.300383    0.630036  (       6     160     259)
          95    0.300448    0.682393  (       6     169     255)
          96    0.300470    0.690972  (       6     169     203)
          97    0.300809    0.731550  (       6     167     205)
          98    0.300815    0.731556  (       6     168     205)
          99    0.300994    0.721385  (       6     167     206)
         100    0.301000    0.721391  (       6     168     206)
