        Rank        RMSE       MaxAE  Feature_ID
           1    0.210074    0.464657  (       4     162     179     301)
           2    0.210135    0.465393  (       4     162     199     301)
           3    0.210252    0.378567  (      65     160     162     375)
           4    0.210320    0.466423  (       4     162     179     302)
           5    0.210357    0.467152  (       4     162     199     302)
           6    0.213616    0.459563  (       4     162     188     301)
           7    0.213880    0.459158  (       4     162     186     301)
           8    0.214007    0.461366  (       4     162     188     302)
           9    0.214134    0.460957  (       4     162     186     302)
          10    0.214334    0.458688  (       4     162     182     301)
          11    0.214590    0.460487  (       4     162     182     302)
          12    0.214802    0.620652  (       4     160     162     341)
          13    0.215501    0.459459  (       4     162     198     301)
          14    0.215718    0.461132  (       4     162     198     302)
          15    0.215764    0.457709  (       4     162     184     301)
          16    0.215833    0.465358  (       4     162     193     301)
          17    0.216016    0.459519  (       4     162     184     302)
          18    0.216103    0.454897  (       4     162     191     301)
          19    0.216194    0.467135  (       4     162     193     302)
          20    0.216410    0.457191  (       4     162     196     301)
          21    0.216431    0.456716  (       4     162     191     302)
          22    0.216703    0.459021  (       4     162     196     302)
          23    0.216821    0.405771  (       5      39     167     256)
          24    0.216825    0.405784  (       5      39     168     256)
          25    0.216881    0.615931  (       4     160     162     332)
          26    0.216973    0.452806  (       4     162     189     301)
          27    0.217131    0.485387  (       4     160     162     301)
          28    0.217276    0.437350  (       5      39     193     256)
          29    0.217283    0.454649  (       4     162     189     302)
          30    0.217796    0.487346  (       4     160     162     302)
          31    0.218172    0.463452  (       5      39     167     202)
          32    0.218176    0.463465  (       5      39     168     202)
          33    0.218176    0.548677  (       4     160     162     308)
          34    0.218367    0.603558  (       4     162     180     341)
          35    0.218380    0.574025  (       4     162     168     341)
          36    0.218386    0.574022  (       4     162     167     341)
          37    0.218560    0.510764  (       4     160     162     306)
          38    0.218632    0.516538  (       4     160     162     307)
          39    0.218867    0.549947  (       4     160     162     309)
          40    0.218880    0.605659  (       4     162     182     341)
          41    0.219073    0.469650  (       5      39     193     259)
          42    0.219093    0.604415  (       4     162     185     341)
          43    0.219313    0.606272  (       4     162     184     341)
          44    0.219498    0.453728  (       4     162     190     301)
          45    0.219519    0.453326  (       4     162     192     301)
          46    0.219560    0.405338  (       7      39     169     256)
          47    0.219652    0.559003  (       4     160     162     310)
          48    0.219752    0.455551  (       4     162     190     302)
          49    0.219791    0.607501  (       4     162     179     341)
          50    0.219800    0.455171  (       4     162     192     302)
          51    0.219846    0.597324  (       4     162     188     341)
          52    0.219889    0.453119  (       4     162     195     301)
          53    0.219907    0.428956  (       5      39     195     256)
          54    0.219981    0.429530  (       5      39     190     256)
          55    0.220000    0.605915  (       4     162     186     341)
          56    0.220147    0.454944  (       4     162     195     302)
          57    0.220190    0.428865  (       5      39     197     256)
          58    0.220253    0.599265  (       4     162     191     341)
          59    0.220267    0.429325  (       5      39     192     256)
          60    0.220288    0.433858  (       5      39     188     256)
          61    0.220519    0.452356  (       4     162     197     301)
          62    0.220537    0.600769  (       4     162     182     332)
          63    0.220585    0.439294  (       5      39     193     203)
          64    0.220626    0.598256  (       4     162     180     332)
          65    0.220776    0.454192  (       4     162     197     302)
          66    0.220809    0.448854  (       7      39     167     203)
          67    0.220813    0.448848  (       7      39     168     203)
          68    0.220854    0.431387  (       5      39     191     256)
          69    0.220863    0.464223  (       5      39     188     259)
          70    0.220926    0.424438  (       5      39     189     256)
          71    0.221025    0.601313  (       4     162     184     332)
          72    0.221072    0.602898  (       4     162     179     332)
          73    0.221077    0.423068  (       5      39     185     256)
          74    0.221212    0.603947  (       4     162     192     341)
          75    0.221248    0.436438  (       5      39     184     256)
          76    0.221290    0.599150  (       4     162     185     332)
          77    0.221320    0.418580  (       5      39     180     256)
          78    0.221444    0.603988  (       4     162     190     341)
          79    0.221525    0.373879  (      34      39     167     202)
          80    0.221529    0.373890  (      34      39     168     202)
          81    0.221695    0.601051  (       4     162     186     332)
          82    0.221736    0.435413  (       5      39     182     256)
          83    0.221738    0.603335  (       4     162     195     341)
          84    0.221882    0.438887  (       5      39     186     256)
          85    0.221941    0.568576  (       4     162     168     332)
          86    0.221946    0.568573  (       4     162     167     332)
          87    0.222066    0.603832  (       4     162     197     341)
          88    0.222193    0.562296  (       4     160     162     314)
          89    0.222345    0.592497  (       4     162     188     332)
          90    0.222354    0.456298  (       4     162     179     303)
          91    0.222399    0.452150  (       4     162     185     301)
          92    0.222604    0.568624  (       4     160     162     323)
          93    0.222605    0.436781  (       7      39     200     203)
          94    0.222678    0.454003  (       4     162     185     302)
          95    0.222679    0.594273  (       4     162     191     332)
          96    0.222702    0.355152  (       5      39     169     256)
          97    0.222711    0.602333  (       4     162     200     341)
          98    0.222862    0.601706  (       4     162     193     341)
          99    0.222898    0.358095  (      34      39     167     256)
         100    0.222903    0.358096  (      34      39     168     256)
