Model_ID, [(c_i,i=0,n)_j,j=1,ntask]
           1    0.1870423668E+02   -0.5730744204E+01    0.1054725296E-01
           2    0.1803769440E+02   -0.5522270520E+01    0.1696981502E+01
           3    0.1764508288E+02   -0.5395001304E+01    0.2349062041E+01
           4    0.1879795783E+02   -0.5762512367E+01    0.1131972016E-01
           5    0.1794481364E+02   -0.5492492766E+01   -0.4035068750E-03
           6    0.1794477543E+02   -0.5492479079E+01   -0.4035994945E-03
           7    0.1881835185E+02   -0.5769066455E+01    0.3727774923E+00
           8    0.1894733841E+02   -0.5810967681E+01   -0.5190912506E+01
           9    0.1887701281E+02   -0.5787927515E+01    0.9570429017E+00
          10    0.1885426229E+02   -0.5780264754E+01    0.4651117007E-03
          11    0.1886518616E+02   -0.5784031219E+01    0.5099890348E+00
          12    0.1887472166E+02   -0.5787239995E+01    0.6058417931E+00
          13    0.1896125844E+02   -0.5813251289E+01    0.3597530890E+00
          14    0.1889303350E+02   -0.5793401980E+01    0.3781485431E+00
          15    0.1897595506E+02   -0.5817672015E+01    0.9994946980E-02
          16    0.1893301712E+02   -0.5802525284E+01    0.1145346222E-01
          17    0.1890424253E+02   -0.5796994531E+01    0.1152124358E-01
          18    0.1891720317E+02   -0.5800922994E+01    0.3473942261E+00
          19    0.1870815149E+02   -0.5731680883E+01   -0.6504160212E+00
          20    0.1894757621E+02   -0.5810454592E+01    0.1565436565E-01
          21    0.1899804294E+02   -0.5826248736E+01   -0.1109475370E-01
          22    0.7800069669E+01   -0.4539843618E-01   -0.6143293846E+01
          23    0.1893630541E+02   -0.5803944854E+01    0.9488183194E-02
          24    0.1423087975E+02   -0.2988546107E+01   -0.4340397656E+01
          25    0.1018971012E+02   -0.8090275402E-01   -0.4616518249E+01
          26   -0.9743785578E+01    0.4066263298E+02    0.7305468012E-01
          27   -0.8772419565E+01    0.4399247010E+02   -0.4448882306E+01
          28    0.1706665511E+02   -0.6054060686E+01    0.2483950513E+01
          29   -0.4944203508E+01    0.6989250516E+03   -0.4751405979E+01
          30   -0.1829041700E+01    0.4834192937E+03   -0.5913602648E+01
          31    0.2142105501E+02   -0.6477007902E+01    0.2233829459E+01
          32   -0.9325257960E+01    0.3904388546E+02    0.1005241390E+00
          33    0.1729464262E+02   -0.6139034507E+01   -0.4229852346E-03
          34    0.1729463337E+02   -0.6139031790E+01   -0.4228856618E-03
          35    0.7598631026E+01   -0.4583904538E-01   -0.5071063580E+01
          36   -0.1129352131E+02   -0.7918558029E+03    0.1039767774E+00
          37   -0.1072868338E+02    0.4482169503E+02    0.4262636037E-04
          38    0.1802803594E+02   -0.6404646631E+01    0.1100547421E-01
          39    0.1877326758E+02   -0.5730798640E+01    0.2062875088E-03
          40    0.1109233582E+02   -0.2639987046E+01    0.9647980374E-01
          41    0.1267686642E+02   -0.3023805740E+01    0.4091906522E-04
          42    0.1144062367E+02   -0.2726886753E+01    0.6891419177E-01
          43    0.1888446586E+02   -0.5764173452E+01    0.5637426873E-02
          44   -0.1037312528E+02    0.4310417033E+02   -0.2301294739E+00
          45   -0.1598566028E+02   -0.7687341385E+03    0.6296463693E+00
          46    0.1805598400E+02   -0.6415850325E+01    0.1172229389E-01
          47    0.1807044634E+02   -0.6421131845E+01    0.3857700691E+00
          48   -0.2026340389E+02    0.3403169409E+03    0.6251011280E+00
          49    0.1887066952E+02   -0.5755245084E+01    0.2204841176E-03
          50   -0.1078120907E+02    0.4472781290E+02   -0.1074234204E+00
          51    0.1818643917E+02   -0.5540127886E+01   -0.8411084267E-05
          52    0.1818636586E+02   -0.5540103447E+01   -0.8413041515E-05
          53   -0.2128132277E+01    0.4907744341E+03   -0.4922441248E+01
          54    0.1808198231E+02   -0.6424568290E+01    0.9849876560E+00
          55    0.1806212536E+02   -0.6416808665E+01    0.4788692302E-03
          56    0.1806700915E+02   -0.6418823193E+01    0.5247069869E+00
          57    0.1807730929E+02   -0.6422847498E+01    0.6233785643E+00
          58   -0.1042346930E+02    0.4336221573E+02    0.4428337370E-03
          59    0.1146476508E+02    0.2454895382E+00    0.6470889136E+00
          60    0.1717447307E+02   -0.6090029298E+01    0.1733458549E+01
          61    0.2147869795E+02   -0.6491776680E+01   -0.3706176017E-03
          62    0.2147866631E+02   -0.6491766909E+01   -0.3705293800E-03
          63   -0.9391579839E+01   -0.7857319520E+03   -0.2639295117E-01
          64   -0.1041780925E+02    0.4335059879E+02    0.1578327818E-01
          65   -0.1043829072E+02    0.4343230840E+02    0.5081406387E-03
          66    0.1808545197E+02   -0.6426037227E+01    0.3886579385E+00
          67    0.2243890914E+02   -0.6789766902E+01    0.1032584684E-01
          68    0.2246523073E+02   -0.6798079561E+01    0.3401042622E+00
          69    0.2229974755E+02   -0.6744110916E+01    0.9594869225E-02
          70    0.1811079120E+02   -0.6432197465E+01    0.3678664388E+00
          71    0.2257425241E+02   -0.6832939682E+01    0.3456175895E+00
          72   -0.1015587153E+02    0.4230778525E+02    0.5755770079E-01
          73   -0.1024798938E+02    0.4269408911E+02    0.1985183792E-04
          74    0.2249433232E+02   -0.6806738599E+01    0.4236662047E-03
          75   -0.1037651733E+02    0.4321057842E+02   -0.9298065642E-01
          76    0.1807466206E+02   -0.6421600521E+01    0.1181141036E-01
          77    0.1113878603E+02   -0.3811727224E+01   -0.4409576721E+01
          78    0.1209484306E+02   -0.2894384682E+01   -0.2178108824E+00
          79    0.2251332881E+02   -0.6812932136E+01    0.8710056511E+00
          80    0.2251763435E+02   -0.6814412841E+01    0.5517494439E+00
          81    0.2258394011E+02   -0.6835911732E+01    0.1052451699E-01
          82    0.1813509772E+02   -0.6441084167E+01    0.1023233383E-01
          83    0.2250066157E+02   -0.6808860846E+01    0.4641753800E+00
          84    0.1791084171E+02   -0.6358474603E+01   -0.6695269886E+00
          85    0.2259517942E+02   -0.6839182105E+01    0.3171932165E+00
          86   -0.1039624889E+02    0.4327154767E+02    0.4407477725E-03
          87    0.1807600420E+02   -0.6421602115E+01    0.3556585273E+00
          88   -0.1852799345E+02    0.4822475585E+04    0.4043743638E+01
          89   -0.1037116870E+02    0.4317421616E+02    0.1243127989E-01
          90   -0.1030049546E+02    0.4292475254E+02    0.1749209751E-01
          91   -0.1030389014E+02    0.4292991953E+02    0.1732500765E-01
          92    0.1806805668E+02   -0.6414068083E+01    0.1169273888E-01
          93    0.2258156103E+02   -0.6832437065E+01    0.3262767733E+00
          94   -0.1033426238E+02    0.4305417169E+02    0.9821495277E-02
          95   -0.1375732371E+02    0.5759587210E+02    0.1068629033E+00
          96    0.2262150992E+02   -0.6845020912E+01    0.9085198877E-02
          97   -0.1028730156E+02    0.4287651163E+02    0.4099119929E-01
          98   -0.1030208329E+02    0.4292911152E+02    0.1039428774E-01
          99    0.2265393445E+02   -0.6857710260E+01    0.1432105407E-01
         100   -0.1836004653E+02    0.2973296662E+03    0.4018335439E+01
