Model_ID, [(c_i,i=0,n)_j,j=1,ntask]
           1    0.1169473717E+02   -0.2619831257E+01
           2   -0.1520104720E+01    0.1710822018E+03
           3   -0.1449440239E+02    0.5851186385E+03
           4   -0.8357818349E+01    0.3802044889E+02
           5    0.1971285402E+02   -0.5777760921E+01
           6    0.1600164863E+02   -0.4696518777E+01
           7    0.3624009762E+02   -0.5220834003E+01
           8   -0.3239126546E+01   -0.4494359214E+03
           9    0.1639619245E+02   -0.4066320121E+00
          10    0.7851573733E+01   -0.6846031821E-01
          11    0.8860773351E+01   -0.3295199098E+01
          12    0.1894650918E+02   -0.6018655841E+01
          13   -0.1391581790E+02    0.2027181980E-01
          14    0.1678124857E+02   -0.1158714326E+05
          15   -0.1004882839E+02   -0.7574054232E+03
          16    0.5758693976E+01    0.4370155976E-01
          17    0.2716868146E+02   -0.5056136337E+01
          18    0.1730628965E+02   -0.5912962555E+01
          19   -0.4869056482E+01    0.5804429683E+03
          20    0.3169406043E+02   -0.4396333088E+01
          21   -0.1465987225E+02    0.4369966480E+02
          22    0.1249048423E+02    0.1669112583E+00
          23    0.1621891643E+02   -0.5859021496E+01
          24    0.2920967358E+02   -0.6038448507E+01
          25    0.3355998233E+02   -0.1947733636E+02
          26   -0.1435957054E+01   -0.1674454336E+03
          27    0.1747741854E+02   -0.5893544265E+01
          28    0.8156569515E+01   -0.5888092961E+01
          29    0.1850893050E+02   -0.5922934217E+01
          30   -0.1449131403E+02    0.2735517286E+02
          31   -0.3527606406E+02    0.4851697510E+04
          32    0.1160420207E+02   -0.5120994038E+01
          33    0.9428174305E+01   -0.1076226211E+01
          34    0.1735336023E+02   -0.9243456881E+01
          35    0.1541479699E+02   -0.5489038969E+01
          36    0.2655121935E+02   -0.5838337436E+01
          37    0.1862844703E+02   -0.5887334192E+01
          38    0.6254804164E+01   -0.5710726823E+01
          39   -0.2720438700E+01   -0.4851678330E+01
          40   -0.1447063111E+02   -0.3683497637E+00
          41   -0.1390552116E+02    0.2217477535E+02
          42    0.3748611994E+02   -0.2726924447E+00
          43    0.1621106682E+02   -0.5770782017E+01
          44    0.1672984768E+02   -0.1055181115E+02
          45    0.1694248767E+02    0.6681768684E+03
          46    0.1740533830E+02   -0.5788237941E+01
          47    0.2589104497E+02   -0.4838750916E+01
          48    0.2607046756E+02   -0.4066573312E+01
          49    0.1539933913E+02   -0.5154277639E+01
          50    0.1908511521E+02   -0.6096732901E+01
          51   -0.1215198087E+02    0.5413566784E+02
          52    0.2495413982E+02   -0.4350070497E+01
          53    0.1202525855E+02   -0.4563196768E+01
          54    0.1494775986E+02   -0.5058568474E+01
          55   -0.9109134121E+01    0.5702648198E+03
          56   -0.1003531794E+02    0.5418997807E+03
          57    0.1594903755E+02   -0.5727535626E+01
          58    0.1164261316E+02   -0.1877918883E+00
          59   -0.1252963834E+02    0.2629371987E+03
          60    0.1874536781E+02   -0.6338906986E+01
          61   -0.1288773134E+02    0.1534526413E+03
          62    0.2482300757E+02   -0.4154153012E+01
          63   -0.1260226371E+02    0.4248155364E+04
          64    0.1244421893E+02   -0.2321116261E+00
          65   -0.9154210536E+01   -0.5910963950E+03
          66    0.5357568821E+01    0.3242535558E+01
          67    0.5426391177E+01   -0.4428749079E-01
          68   -0.9701911553E+01    0.4389035103E+02
          69   -0.2459045286E+01    0.3958807461E+03
          70    0.1550941235E+02   -0.1310009476E+01
          71   -0.1819714608E+02   -0.2415694173E+03
          72   -0.1219925619E+02    0.1763819222E-01
          73    0.2462833722E+02    0.1852819739E+00
          74   -0.1247574782E+02    0.7000368116E+02
          75    0.1453890912E+02   -0.3279849464E+01
          76   -0.4509115988E+01    0.7319530217E+01
          77   -0.1351474380E+02    0.2666639121E+03
          78    0.1264105020E+02   -0.4066116223E+01
          79   -0.1359686317E+02    0.2008428741E+02
          80    0.2035694150E+02    0.1536102006E+01
          81    0.5277402095E+01   -0.3627288763E-01
          82    0.5372210448E+01   -0.1235730193E+01
          83   -0.1857943138E+02    0.2590696330E+04
          84    0.1641062596E+02   -0.1117802319E+02
          85   -0.5668227523E+01   -0.1168341037E+01
          86   -0.8934894458E+01   -0.2046853067E+02
          87    0.1257600181E+02   -0.2812593641E+01
          88   -0.2089303174E+01   -0.4192320775E+01
          89    0.1484375707E+02   -0.4420521083E-01
          90    0.7172576514E+01   -0.7248638635E-01
          91   -0.1041870035E+01   -0.3358586595E+01
          92   -0.2703641623E+01   -0.3337528900E+03
          93   -0.3587513873E+01   -0.3219776641E-01
          94    0.1179042166E+02    0.1845718895E+00
          95   -0.2329077522E+01    0.3236103580E+03
          96   -0.2690836377E+01   -0.1177094732E+02
          97    0.1196170682E+02    0.5300324243E+01
          98    0.2087286909E+02   -0.1499983160E+00
          99    0.1866121518E+02   -0.5284870386E+01
         100    0.9522994589E+01   -0.3810339334E+01
