Model_ID, [(c_i,i=0,n)_j,j=1,ntask]
           1   -0.2378218792E+02    0.3861166827E+02   -0.1115524852E-01    0.1305641815E-01   -0.2236142987E+01
           2   -0.2385689460E+02    0.3863034836E+02   -0.1123014554E-01   -0.9264500114E-02   -0.2246634758E+01
           3   -0.3268143989E+01   -0.6703855945E+03    0.2266915467E+01   -0.9782118830E-02   -0.1229993942E-01
           4    0.5303550378E+01    0.3859077173E+02   -0.1114282009E-01    0.1307546902E-01    0.9453142527E+02
           5    0.5367505389E+01    0.3860927480E+02   -0.1121783527E-01   -0.9278287733E-02    0.9498922936E+02
           6   -0.2322055541E+02    0.3840438193E+02   -0.1119667920E-01    0.9471776429E-02   -0.2159791523E+01
           7   -0.2405130892E+02    0.3837488330E+02   -0.1110597094E-01    0.2872362273E+00   -0.2287227298E+01
           8    0.4857300240E+01    0.3838473768E+02   -0.1118431370E-01    0.9483910975E-02    0.9120772948E+02
           9    0.5699323185E+01    0.3835316258E+02   -0.1109317965E-01    0.2876643849E+00    0.9669319746E+02
          10   -0.2404882981E+02    0.3838269753E+02   -0.1107633853E-01    0.9521357298E-02   -0.2286605762E+01
          11    0.5693552390E+01    0.3836100674E+02   -0.1106350306E-01    0.9535541409E-02    0.9666587690E+02
          12   -0.1181421481E+02    0.3167855617E+02    0.2101663561E+01   -0.1211697068E-01   -0.3192070973E+00
          13   -0.2315092175E+02    0.3860032042E+02   -0.1121270702E-01    0.7911094329E-02   -0.2140826996E+01
          14    0.4694400010E+01    0.3858040671E+02   -0.1120093529E-01    0.7922421249E-02    0.9049808902E+02
          15   -0.2416552325E+02    0.3828932475E+02   -0.1106978329E-01    0.3117487129E+00   -0.2308290150E+01
          16   -0.2296807617E+02    0.3793318880E+02   -0.1125045105E-01   -0.5413656868E+00   -0.2138411707E+01
          17    0.5859751778E+01    0.3826725718E+02   -0.1105683414E-01    0.3122196088E+00    0.9758778345E+02
          18   -0.2381984929E+02    0.3836175482E+02   -0.1112711103E-01    0.2956997761E+00   -0.2253238798E+01
          19    0.4833406099E+01    0.3791308498E+02   -0.1123834300E-01   -0.5420682830E+00    0.9031417052E+02
          20   -0.2412394590E+02    0.3837765289E+02   -0.1112434964E-01    0.8228430509E-02   -0.2299243286E+01
          21    0.5481448395E+01    0.3834072561E+02   -0.1111433507E-01    0.2961139522E+00    0.9520944686E+02
          22    0.5780015077E+01    0.3835598479E+02   -0.1111142407E-01    0.8240490365E-02    0.9718193021E+02
          23    0.1198474821E+02   -0.4228229305E+01   -0.2642522090E+01   -0.3891713327E-03   -0.2464324591E+00
          24    0.1198490195E+02   -0.4228266244E+01   -0.2642483019E+01   -0.3892616972E-03   -0.2464312484E+00
          25   -0.3564569807E+01    0.3220241695E+02    0.2105654565E+01   -0.1198073461E-01    0.5478791741E+02
          26   -0.2418465852E+02    0.3830513013E+02   -0.1107917825E-01   -0.4258239754E+01   -0.2310787473E+01
          27   -0.2203626085E+02    0.3599305168E+02    0.1958623768E+01   -0.1087940102E-01   -0.2071100301E+01
          28    0.1238697758E+02   -0.4391458126E+01   -0.2804136963E+01   -0.6288589421E+00   -0.2438972295E+00
          29    0.5868334228E+01    0.3828330163E+02   -0.1106608043E-01   -0.4264442318E+01    0.9766251127E+02
          30    0.4860435349E+01    0.3597353222E+02    0.1960556759E+01   -0.1086640985E-01    0.8727678902E+02
          31    0.1218409718E+02   -0.4259999887E+01   -0.2542089990E+01   -0.3840710416E-03   -0.7506473445E+00
          32    0.1218424744E+02   -0.4260036143E+01   -0.2542051949E+01   -0.3841604176E-03   -0.7506445098E+00
          33   -0.1541195002E+02    0.3618281781E+02    0.1954865375E+01   -0.1246854690E-01   -0.9359221514E-02
          34   -0.1288790902E+02    0.3317815144E+02   -0.1237603925E-01    0.1004995731E-01   -0.3703079318E+00
          35   -0.1242953381E+02    0.3151371579E+02   -0.1216354089E-01   -0.3619863826E-03   -0.3671500831E+00
          36   -0.1242955818E+02    0.3151377403E+02   -0.1216343809E-01   -0.3618998258E-03   -0.3671509844E+00
          37   -0.1465752542E+02    0.3998513470E+02    0.2140147953E+01   -0.9871761294E-02    0.1680953870E+02
          38   -0.4368258898E+01    0.3997837720E+02    0.2148227310E+01   -0.9886241356E-02   -0.1572369488E+01
          39   -0.1796119486E+01    0.3611360467E+02    0.1967204091E+01   -0.1245138847E-01    0.4937237401E+04
          40   -0.1268626336E+02    0.3400811394E+02   -0.1238978425E-01    0.1019962539E-01   -0.3398858200E+00
          41    0.1223259709E+02   -0.4273098594E+01   -0.2494130888E+01   -0.5844125458E+00    0.3171476758E-05
          42   -0.1286500803E+02    0.3323840668E+02   -0.1239681476E-01    0.3306137885E+00   -0.3674805172E+00
          43   -0.1271851357E+02    0.3382994492E+02   -0.1240782533E-01    0.3346723381E+00   -0.3455724025E+00
          44   -0.2429591704E+02    0.3813918950E+02   -0.1104317555E-01    0.4966020303E+00   -0.2334675410E+01
          45   -0.2430845681E+02    0.3806339634E+02   -0.1105166385E-01    0.3812303104E-03   -0.2339680696E+01
          46    0.2200524519E+02   -0.3549566766E+01   -0.2976666462E+01    0.1579960373E+01   -0.2578052358E+00
          47   -0.1310167594E+02    0.3388839744E+02    0.2174420392E+01   -0.1129162113E-01    0.1423927924E+00
          48    0.6072881216E+01    0.3811665791E+02   -0.1103004250E-01    0.4973633195E+00    0.9870495808E+02
          49   -0.1255358436E+02    0.3452859634E+02   -0.1238316753E-01    0.1386819459E-01   -0.3204395460E+00
          50    0.6123412573E+01    0.3804080166E+02   -0.1103844766E-01    0.3818055093E-03    0.9890316503E+02
          51   -0.1242741431E+02    0.3436501599E+02   -0.1241580337E-01    0.1008249301E-01   -0.3149886623E+00
          52   -0.2428442821E+02    0.3809446289E+02   -0.1105206716E-01    0.4178914061E+00   -0.2334701719E+01
          53    0.1280913126E+02   -0.4504172090E+01   -0.2725447269E+01    0.4883433811E+00   -0.2430489621E+00
          54    0.1283536127E+02   -0.4511784233E+01   -0.2722518815E+01    0.5801556836E+00   -0.2429212830E+00
          55   -0.1265201462E+02    0.3404882845E+02   -0.1240452334E-01    0.3070718234E+00   -0.3366629415E+00
          56    0.6084316220E+01    0.3807188658E+02   -0.1103893564E-01    0.4185303538E+00    0.9870339687E+02
          57    0.1283876489E+02   -0.4511970698E+01   -0.2719813879E+01    0.9155657172E+00   -0.2428992783E+00
          58   -0.1262428746E+02    0.3404735183E+02   -0.1242664208E-01    0.3166298701E+00   -0.3350917680E+00
          59    0.1282576128E+02   -0.4507003769E+01   -0.2717446765E+01    0.4452390239E-03   -0.2429046634E+00
          60    0.1262094882E+02   -0.4462112923E+01   -0.2804435060E+01    0.1096743679E-01   -0.2408402040E+00
          61   -0.2440389272E+02    0.3809230721E+02   -0.1103668280E-01    0.7829757308E+00   -0.2353198108E+01
          62   -0.3880549824E+01    0.3455091544E+02   -0.1225168997E-01    0.1022672993E-01    0.5858413861E+02
          63    0.1203309824E+02   -0.4228861951E+01   -0.2569216452E+01   -0.5880139770E+00   -0.6806761327E-02
          64   -0.3302291101E+01    0.3377531735E+02   -0.1222219376E-01    0.1007236157E-01    0.6373057329E+02
          65    0.6205958212E+01    0.3806952578E+02   -0.1102343165E-01    0.7841839968E+00    0.9948867116E+02
          66    0.2247397400E+02   -0.3572640931E+01   -0.2564455076E+01   -0.3467861396E-03   -0.7195873485E-02
          67    0.2247408611E+02   -0.3572654205E+01   -0.2564430473E+01   -0.3468663615E-03   -0.7195882414E-02
          68    0.1276334988E+02   -0.4499076460E+01   -0.2769345238E+01    0.3436546847E+00   -0.2412344834E+00
          69    0.1245056078E+02   -0.4339892555E+01   -0.2497804763E+01    0.1020827119E-01    0.3140984651E-05
          70    0.1262279455E+02   -0.4463104814E+01   -0.2793411139E+01   -0.4950389402E+01   -0.2420115372E+00
          71   -0.3765358843E+01    0.3438143782E+02   -0.1226734080E-01    0.3355595147E+00    0.5956414161E+02
          72   -0.4245756307E+01    0.3503604254E+02   -0.1225528470E-01    0.1390844833E-01    0.5530085546E+02
          73    0.1287841935E+02   -0.4516472370E+01   -0.2689306952E+01    0.3565825803E+00   -0.2431334556E+00
          74   -0.1274583223E+02    0.3346195763E+02   -0.1242921098E-01    0.4108647210E-03   -0.3546358698E+00
          75    0.1292336140E+02   -0.4537191224E+01   -0.2712494191E+01    0.3626154606E+00   -0.2422944545E+00
          76   -0.3351993150E+01    0.3383059900E+02   -0.1224444102E-01    0.3313643548E+00    0.6325092988E+02
          77    0.1286218548E+02   -0.4510288020E+01   -0.2685474290E+01    0.1082243485E-01   -0.2431458957E+00
          78   -0.1275348939E+02    0.3356253198E+02   -0.1241406258E-01    0.5349339346E+00   -0.3532747544E+00
          79    0.9649795558E+01   -0.6536375234E+01   -0.2936096996E+01   -0.3781679834E-03   -0.7660373380E+00
          80    0.9649913122E+01   -0.6536425234E+01   -0.2936064205E+01   -0.3782557149E-03   -0.7660346607E+00
          81   -0.3932607348E+01    0.3458896203E+02   -0.1226701401E-01    0.3078581910E+00    0.5799847622E+02
          82    0.1290232848E+02   -0.4533377562E+01   -0.2723138374E+01    0.1105220353E-01   -0.2421816496E+00
          83   -0.1274306811E+02    0.3351141274E+02   -0.1242475450E-01    0.4502273140E+00   -0.3534796069E+00
          84    0.1289180898E+02   -0.4531732623E+01   -0.2730634518E+01    0.3331842557E+00   -0.2419143787E+00
          85   -0.2969765895E+01    0.3214341793E+02   -0.1199771585E-01   -0.3621453768E-03    0.6270485719E+02
          86   -0.2969783515E+01    0.3214349288E+02   -0.1199760788E-01   -0.3620585408E-03    0.6270483468E+02
          87   -0.1278029730E+02    0.3345969406E+02   -0.1242352422E-01    0.8444955615E+00   -0.3571847283E+00
          88   -0.3363825958E+01    0.3412871613E+02    0.2174341322E+01   -0.1123048536E-01   -0.1680989478E+03
          89   -0.4307285200E+01    0.3490380027E+02   -0.1227624015E-01    0.1009523672E-01    0.5385611828E+02
          90   -0.1542349214E+02    0.4127004010E+02   -0.1079853670E-01    0.1226080841E-01    0.3626120700E-02
          91   -0.2439820087E+02    0.3803116038E+02   -0.1096277210E-01    0.3044665724E+00   -0.2355135700E+01
          92   -0.1809763720E+02    0.4118217055E+02    0.1832604213E+01   -0.1115874814E-01   -0.9768891819E+00
          93    0.2399439571E+02   -0.3798879919E+01   -0.2577908990E+01    0.8989116539E-02   -0.7139451936E-02
          94    0.6234915332E+01    0.3800837993E+02   -0.1094933967E-01    0.3049306913E+00    0.9955788235E+02
          95   -0.3971907530E+01    0.3460772981E+02   -0.1228187315E-01    0.3171287203E+00    0.5744131743E+02
          96    0.1125921664E+02   -0.4044251005E+01   -0.2814624525E+01    0.1620730606E+01   -0.2498835402E+00
          97   -0.1304333012E+02    0.3237447991E+02   -0.1238509877E-01    0.9386085818E-02   -0.3970638689E+00
          98   -0.1225079863E+02    0.3394246247E+02   -0.1244888485E-01   -0.5753855477E+00   -0.3094428223E+00
          99    0.9425731942E+01   -0.6466251800E+01   -0.3041857766E+01   -0.3831091288E-03   -0.2504003018E+00
         100    0.9425852535E+01   -0.6466302830E+01   -0.3041824036E+01   -0.3831978051E-03   -0.2503991357E+00
