        Rank        RMSE       MaxAE  Feature_ID
           1    0.457855    1.490424  (       6     200)
           2    0.458062    1.521710  (       6     169)
           3    0.458670    1.491797  (       6     160)
           4    0.458691    1.487003  (       6     180)
           5    0.458846    1.505566  (       6     167)
           6    0.458849    1.505560  (       6     168)
           7    0.458993    1.486537  (       6     185)
           8    0.459197    1.476232  (       6     189)
           9    0.459289    1.482440  (       6     197)
          10    0.459623    1.482704  (       6     192)
          11    0.459777    1.483113  (       6     195)
          12    0.459822    1.482893  (       6     190)
          13    0.459827    1.470717  (       6     191)
          14    0.461203    1.480425  (       6     184)
          15    0.461310    1.475979  (       6     196)
          16    0.461498    1.467030  (       6     188)
          17    0.461899    1.479769  (       6     182)
          18    0.462020    1.477366  (       6     186)
          19    0.465127    1.486153  (       6     193)
          20    0.465267    1.474136  (       6     179)
          21    0.466443    1.470768  (       6     199)
          22    0.466966    1.015114  (      81     134)
          23    0.467915    1.482021  (       6     198)
          24    0.476185    1.230790  (       1     101)
          25    0.479175    0.968951  (      10     101)
          26    0.481085    1.067558  (       4     103)
          27    0.481301    1.123066  (       4     101)
          28    0.481697    1.264109  (      54     160)
          29    0.482093    0.939268  (      19     101)
          30    0.483766    0.934404  (      69     134)
          31    0.484694    1.588302  (       5     160)
          32    0.486403    1.153350  (       4     102)
          33    0.488133    1.274977  (      54     168)
          34    0.488134    1.274983  (      54     167)
          35    0.490914    1.027953  (      81     101)
          36    0.490994    0.900761  (      15     102)
          37    0.491014    1.077820  (       4     104)
          38    0.491326    1.247959  (      54     200)
          39    0.491540    1.433734  (       6     170)
          40    0.491838    1.074946  (       1     102)
          41    0.493225    0.988656  (       1     104)
          42    0.495220    0.996176  (       1     103)
          43    0.495852    1.425851  (       6     177)
          44    0.496393    1.082228  (       4     105)
          45    0.496462    1.144319  (      65     156)
          46    0.496690    1.243665  (      54     180)
          47    0.497409    1.242940  (      54     185)
          48    0.497735    1.098093  (      59     156)
          49    0.498819    1.425079  (       6     171)
          50    0.499951    0.991129  (       4     129)
          51    0.500344    1.439271  (       6     159)
          52    0.500345    1.439268  (       6     158)
          53    0.500489    0.984375  (      69     101)
          54    0.500856    1.238355  (      54     197)
          55    0.500933    1.238978  (      54     192)
          56    0.501488    1.239288  (      54     195)
          57    0.501501    1.238895  (      54     190)
          58    0.502067    1.069860  (       4     106)
          59    0.502380    1.111207  (      94     156)
          60    0.502597    1.292549  (      54     169)
          61    0.502617    1.599058  (       5     168)
          62    0.502618    1.599063  (       5     167)
          63    0.503164    1.410816  (      15     166)
          64    0.503225    1.103367  (       4     109)
          65    0.503437    1.137612  (       4     108)
          66    0.503474    1.236202  (      54     184)
          67    0.504177    1.584711  (       5     180)
          68    0.504296    1.584374  (       5     185)
          69    0.505015    1.587166  (       5     200)
          70    0.505041    1.225782  (      54     191)
          71    0.505048    1.579192  (       5     184)
          72    0.505133    1.030852  (       4     113)
          73    0.505268    1.061442  (       4     112)
          74    0.505483    1.580814  (       5     192)
          75    0.505494    1.060246  (       4     116)
          76    0.505537    1.235629  (      54     182)
          77    0.505552    1.118182  (      11     101)
          78    0.505555    1.001996  (       1     105)
          79    0.505592    1.580591  (       5     197)
          80    0.505690    1.581043  (       5     190)
          81    0.505824    1.578549  (       5     182)
          82    0.505834    1.230848  (      54     196)
          83    0.505956    1.581139  (       5     195)
          84    0.506087    1.245109  (      54     193)
          85    0.506115    1.576349  (       5     186)
          86    0.506127    1.072976  (       4     114)
          87    0.506405    1.233115  (      54     186)
          88    0.506409    1.132493  (      63     183)
          89    0.506416    1.072620  (       4     115)
          90    0.506847    1.074960  (       4     119)
          91    0.507296    1.075368  (       4     128)
          92    0.507441    1.222768  (      54     188)
          93    0.507492    1.569867  (       5     191)
          94    0.507499    1.066296  (       4     127)
          95    0.507532    1.167761  (      51     102)
          96    0.507567    1.574857  (       5     196)
          97    0.507592    1.074327  (       4     117)
          98    0.507672    1.077421  (       4     126)
          99    0.507711    1.573572  (       5     179)
         100    0.507947    1.085394  (      59     183)
