        Rank        RMSE       MaxAE  Feature_ID
           1    0.714537    1.270248  (       1)
           2    0.717097    1.316958  (       2)
           3    0.721119    1.330511  (       3)
           4    0.726527    1.355582  (       4)
           5    0.728086    1.587735  (       5)
           6    0.730266    1.859448  (       6)
           7    0.732179    1.478679  (       7)
           8    0.733836    1.865754  (       8)
           9    0.736521    1.318513  (       9)
          10    0.738370    1.353462  (      10)
          11    0.739478    1.768088  (      11)
          12    0.740407    1.513400  (      12)
          13    0.741094    1.583907  (      13)
          14    0.742183    1.539596  (      14)
          15    0.742930    1.428105  (      15)
          16    0.748230    1.735965  (      16)
          17    0.749585    1.550279  (      17)
          18    0.750003    1.579894  (      18)
          19    0.750689    1.466522  (      19)
          20    0.750801    1.768323  (      20)
          21    0.750816    1.585924  (      21)
          22    0.751058    1.380019  (      22)
          23    0.751444    1.571528  (      23)
          24    0.751575    1.507214  (      24)
          25    0.751910    1.555183  (      25)
          26    0.752252    1.629121  (      26)
          27    0.752623    1.545283  (      27)
          28    0.752773    1.598807  (      28)
          29    0.752792    1.554529  (      29)
          30    0.754301    1.678814  (      30)
          31    0.754468    1.734995  (      31)
          32    0.754562    1.404403  (      32)
          33    0.754565    1.526127  (      33)
          34    0.755202    1.638844  (      34)
          35    0.756121    1.525724  (      35)
          36    0.756348    1.494901  (      36)
          37    0.756417    1.520726  (      37)
          38    0.756536    1.583317  (      38)
          39    0.756830    1.799066  (      39)
          40    0.757589    1.601229  (      40)
          41    0.757683    1.640242  (      41)
          42    0.758414    1.713855  (      42)
          43    0.758466    1.540451  (      43)
          44    0.758942    1.598744  (      44)
          45    0.759785    1.565268  (      45)
          46    0.760669    1.515231  (      46)
          47    0.760716    1.586756  (      47)
          48    0.763147    1.484804  (      48)
          49    0.763210    1.608798  (      49)
          50    0.764403    1.577928  (      50)
          51    0.764842    1.563480  (      51)
          52    0.765600    1.504468  (      52)
          53    0.765701    1.610590  (      53)
          54    0.765991    2.021376  (      54)
          55    0.766144    1.571264  (      55)
          56    0.766164    1.501444  (      56)
          57    0.767024    1.577707  (      57)
          58    0.768143    1.517653  (      58)
          59    0.768834    1.793134  (      59)
          60    0.769047    1.487751  (      60)
          61    0.769357    1.569245  (      61)
          62    0.769481    1.386045  (      62)
          63    0.770255    1.589871  (      63)
          64    0.770344    1.457376  (      64)
          65    0.770560    1.804154  (      65)
          66    0.771555    1.657695  (      66)
          67    0.773675    1.700565  (      67)
          68    0.774515    1.649079  (      68)
          69    0.775073    1.733640  (      69)
          70    0.775956    1.529996  (      70)
          71    0.777445    1.381093  (      71)
          72    0.777790    1.487631  (      72)
          73    0.777877    1.829838  (      73)
          74    0.777922    1.645704  (      74)
          75    0.777980    1.565520  (      75)
          76    0.778627    1.700065  (      76)
          77    0.779068    1.559921  (      77)
          78    0.779670    1.887069  (      78)
          79    0.779896    1.633533  (      79)
          80    0.780177    1.363230  (      80)
          81    0.780185    1.581634  (      81)
          82    0.781551    1.714474  (      82)
          83    0.781592    1.687861  (      83)
          84    0.781719    1.593524  (      84)
          85    0.781727    1.570049  (      85)
          86    0.782237    1.841900  (      86)
          87    0.782399    1.593617  (      87)
          88    0.782595    1.830283  (      88)
          89    0.782624    1.617521  (      89)
          90    0.782773    1.568715  (      90)
          91    0.782812    1.922748  (      91)
          92    0.783093    1.979068  (      92)
          93    0.783300    1.990925  (      93)
          94    0.783623    1.763220  (      94)
          95    0.784933    1.842593  (      95)
          96    0.785245    1.989630  (      96)
          97    0.785693    1.813297  (      97)
          98    0.786388    1.657267  (      98)
          99    0.786646    1.788000  (      99)
         100    0.786746    1.623847  (     100)
