Model_ID, [(c_i,i=0,n)_j,j=1,ntask]
           1   -0.8832003151E+01    0.3720782476E+02    0.1973293520E+01   -0.1061120065E-01
           2   -0.9446958183E+01    0.3966797187E+02   -0.1091212874E-01    0.9486019292E-02
           3   -0.9500259776E+01    0.3985809264E+02   -0.1093224392E-01    0.7933457570E-02
           4   -0.9332558983E+01    0.3918818056E+02   -0.1097061834E-01   -0.5429869687E+00
           5   -0.9513698718E+01    0.3989916445E+02   -0.1085446080E-01    0.1300424822E-01
           6   -0.9520305956E+01    0.3992085024E+02   -0.1092675452E-01   -0.9220215826E-02
           7    0.1741234473E+02   -0.5354649055E+01    0.1785897415E+01   -0.4061965955E+00
           8    0.1731466052E+02   -0.5323111983E+01   -0.4242780202E-03   -0.4051696023E+00
           9    0.1731462108E+02   -0.5323097738E+01   -0.4243752953E-03   -0.4051688932E+00
          10   -0.1015424937E+02   -0.2147020055E+02    0.2096392874E+01   -0.1174239747E-01
          11    0.1578259381E+02   -0.4856657020E+01    0.1820050870E+01    0.5149520516E+00
          12   -0.9440747701E+01    0.3965538857E+02   -0.1082274884E-01    0.2941222524E+00
          13   -0.9451703123E+01    0.3967878306E+02   -0.1079453333E-01    0.2849577208E+00
          14    0.1699988146E+02   -0.5220116589E+01    0.2463771439E+01   -0.4025466622E+00
          15   -0.9453235397E+01    0.3968632760E+02   -0.1076526020E-01    0.9446228542E-02
          16    0.1609383221E+02   -0.4952542950E+01    0.2371806286E+01   -0.6793000913E-02
          17    0.1728393394E+02   -0.5322435088E+01    0.1813923023E+01   -0.7363300387E+00
          18   -0.1105163558E+02   -0.6630930656E+03   -0.1059442041E-01    0.4511091291E-01
          19   -0.9446354415E+01    0.3968491522E+02   -0.1081014265E-01    0.8155049685E-02
          20   -0.9429394394E+01    0.3960009799E+02   -0.1075416387E-01    0.3087477192E+00
          21    0.1704858117E+02   -0.5252524776E+01    0.1811905668E+01   -0.3592584946E+01
          22    0.1810685026E+02   -0.5570050118E+01    0.1101777095E-01   -0.3983830785E+00
          23    0.1708088203E+02   -0.5258470950E+01    0.1805252539E+01    0.1134239018E-03
          24   -0.9432263540E+01    0.3961640602E+02   -0.1076291623E-01   -0.4216304847E+01
          25    0.1699575602E+02   -0.5231868038E+01    0.1801168729E+01   -0.2944882916E+00
          26    0.1569887470E+02   -0.4828721876E+01   -0.4312313325E-03    0.5099566789E+00
          27    0.1569884123E+02   -0.4828709263E+01   -0.4313299077E-03    0.5099546779E+00
          28    0.1640505572E+02   -0.5052474892E+01   -0.4057827380E-03   -0.6721718388E-02
          29    0.1640501557E+02   -0.5052460850E+01   -0.4058762401E-03   -0.6721733333E-02
          30    0.1704538921E+02   -0.5249959334E+01    0.1808371575E+01    0.1316868481E-02
          31    0.1703636336E+02   -0.5246881435E+01    0.1808888783E+01    0.1238407043E-02
          32    0.1704755116E+02   -0.5250250463E+01    0.1808385458E+01    0.1868477971E-02
          33    0.1820408911E+02   -0.5602814965E+01    0.1181472521E-01   -0.3973840565E+00
          34    0.1704997316E+02   -0.5251147104E+01    0.1809017715E+01    0.1392228216E-02
          35    0.1718574082E+02   -0.5290241500E+01   -0.4301664412E-03   -0.7308859626E+00
          36    0.1718570152E+02   -0.5290227137E+01   -0.4302648672E-03   -0.7308835396E+00
          37    0.1703707355E+02   -0.5247266791E+01    0.1809306779E+01    0.1089824883E-02
          38    0.1704318329E+02   -0.5249271551E+01    0.1808871914E+01    0.3673948919E-01
          39    0.1703756349E+02   -0.5247345507E+01    0.1809252060E+01    0.3515770340E-01
          40    0.1691472485E+02   -0.5206852540E+01    0.1804889011E+01    0.2523355002E+00
          41    0.1704916249E+02   -0.5250946084E+01    0.1809375571E+01    0.4358295954E-01
          42    0.1704203421E+02   -0.5248665258E+01    0.1808918016E+01    0.4199312082E-01
          43    0.1704298874E+02   -0.5248984186E+01    0.1808819841E+01    0.1403581777E-02
          44    0.1703948345E+02   -0.5247972252E+01    0.1809172556E+01    0.4621672825E-01
          45    0.1822547236E+02   -0.5609692053E+01    0.3890907382E+00   -0.3973798697E+00
          46    0.1704595253E+02   -0.5249888963E+01    0.1809064740E+01   -0.6213290092E+00
          47    0.1696531860E+02   -0.5222544027E+01    0.1803084494E+01   -0.4676139237E-04
          48    0.1696532126E+02   -0.5222545305E+01    0.1803085718E+01   -0.4675146973E-04
          49    0.1712586058E+02   -0.5276201786E+01    0.1809229597E+01   -0.3378100273E+00
          50    0.1704632616E+02   -0.5250291930E+01    0.1809240488E+01    0.1257063247E-02
          51    0.1704242284E+02   -0.5248929978E+01    0.1808925936E+01    0.6879505745E-03
          52    0.1703713700E+02   -0.5247384489E+01    0.1809539820E+01    0.7539923783E-01
          53    0.1704457668E+02   -0.5249765642E+01    0.1809504902E+01    0.2858336824E-01
          54    0.1705336791E+02   -0.5252591694E+01    0.1808760627E+01    0.8943766092E-03
          55    0.1703269427E+02   -0.5246301262E+01    0.1810063243E+01   -0.6149478214E+00
          56    0.1703640846E+02   -0.5247131939E+01    0.1809569254E+01    0.1189752174E+00
          57    0.1705132380E+02   -0.5251508477E+01    0.1807960733E+01   -0.2728843795E+00
          58    0.1703889512E+02   -0.5247898459E+01    0.1809607407E+01    0.3012365531E-01
          59    0.1703560308E+02   -0.5246897219E+01    0.1809496560E+01    0.6364046636E-01
          60    0.1703947288E+02   -0.5248066787E+01    0.1809729837E+01    0.5000596501E-01
          61    0.1703989909E+02   -0.5248209914E+01    0.1809891262E+01    0.5049357729E-01
          62    0.1703487728E+02   -0.5246692970E+01    0.1809596799E+01    0.5808943502E-04
          63    0.1705301325E+02   -0.5252601175E+01    0.1809225740E+01    0.3557460181E-01
          64    0.1703932732E+02   -0.5248118395E+01    0.1809445181E+01    0.1431976384E-02
          65    0.1703607436E+02   -0.5247155600E+01    0.1809786075E+01    0.4714526506E-01
          66    0.1705753490E+02   -0.5254086328E+01    0.1808918452E+01    0.1248683554E-02
          67    0.1703131409E+02   -0.5245498107E+01    0.1809874881E+01    0.5648187359E-04
          68    0.1703624303E+02   -0.5247150091E+01    0.1809634621E+01    0.1431766348E-02
          69    0.1702237910E+02   -0.5243190634E+01    0.1810014501E+01   -0.8351957715E-01
          70    0.1697847833E+02   -0.5228743501E+01    0.1808787274E+01    0.2201909923E+00
          71    0.1700118176E+02   -0.5235380689E+01    0.1805863436E+01    0.7558074039E+00
          72    0.1828651831E+02   -0.5629263728E+01    0.9986976992E+00   -0.3971029962E+00
          73    0.1702562812E+02   -0.5243802884E+01    0.1810167220E+01    0.1638824098E+00
          74   -0.9388893886E+01    0.3945912927E+02   -0.1072219831E-01    0.4907241755E+00
          75    0.1694704435E+02   -0.5218223813E+01    0.1811215240E+01    0.2460073444E+00
          76    0.1703025787E+02   -0.5245248214E+01    0.1809588336E+01   -0.7413266266E+00
          77    0.1702807512E+02   -0.5244879129E+01    0.1810556488E+01    0.1391379577E-02
          78    0.1652540511E+02   -0.5086777147E+01    0.1122004240E-01    0.5039071924E+00
          79    0.1697670270E+02   -0.5226031049E+01    0.1800792954E+01    0.5877206365E+00
          80    0.1826286933E+02   -0.5621298693E+01    0.4853639914E-03   -0.3970811650E+00
          81    0.1696232845E+02   -0.5224639652E+01    0.1810976887E+01    0.9200157219E-01
          82    0.1827450329E+02   -0.5625347707E+01    0.5322944895E+00   -0.3972597686E+00
          83   -0.9377360621E+01    0.3941491044E+02   -0.1073097046E-01    0.4129405969E+00
          84   -0.9369193142E+01    0.3938574657E+02   -0.1072952660E-01    0.3765610143E-03
          85    0.1695636912E+02   -0.5216074485E+01    0.1803301577E+01   -0.1030955620E+01
          86    0.1696047546E+02   -0.5223983212E+01    0.1810822268E+01    0.9185854888E-01
          87    0.1828424811E+02   -0.5628582095E+01    0.6322131574E+00   -0.3970423888E+00
          88    0.1701581729E+02   -0.5240822388E+01    0.1811558161E+01    0.3242535630E-01
          89    0.1707955069E+02   -0.5259994678E+01    0.1802469693E+01   -0.2487417687E+00
          90    0.1686770719E+02   -0.5186133546E+01    0.2497979695E+01   -0.7260296096E+00
          91    0.1835844806E+02   -0.5652542508E+01   -0.5410116692E+01   -0.3957929124E+00
          92    0.1698510240E+02   -0.5226894509E+01   -0.4278827684E-03    0.1124200019E-03
          93    0.1698506396E+02   -0.5226880400E+01   -0.4279806247E-03    0.1124196037E-03
          94    0.1598898676E+02   -0.4918424312E+01    0.2346523065E+01    0.3110084017E-05
          95    0.1700369672E+02   -0.5237118580E+01    0.1811920756E+01    0.1171026242E-02
          96    0.1650615688E+02   -0.5083728187E+01    0.1700254895E+01   -0.6655603674E-02
          97    0.1695374554E+02   -0.5220924339E+01   -0.4290112271E-03   -0.3550791952E+01
          98    0.1695370743E+02   -0.5220910244E+01   -0.4291092328E-03   -0.3550776734E+01
          99    0.1690100467E+02   -0.5200596035E+01   -0.4268891184E-03   -0.2918304475E+00
         100    0.1690096659E+02   -0.5200582035E+01   -0.4269867441E-03   -0.2918294181E+00
