     Index              y_true              y_pred        descriptor_1        descriptor_2        descriptor_3        descriptor_4
         1    0.1678214254E+01    0.1706924537E+01    0.2763254209E+01    0.2673626214E+00    0.6264246429E+04    0.6480580714E+04
         2    0.1757666486E+01    0.1680667366E+01    0.2763948926E+01   -0.3278670838E+01    0.1091424500E+05    0.1132558500E+05
         3    0.1678834799E+01    0.1805947979E+01    0.2757013404E+01   -0.1163864962E+01    0.2619769118E+04    0.2676994706E+04
         4    0.8101151469E+00    0.8171720979E+00    0.2803295381E+01    0.3038077235E+00    0.7496574167E+04    0.7895247500E+04
         5    0.1678289321E+01    0.1678237146E+01    0.2764652378E+01    0.6771653543E+00    0.5843641333E+04    0.6045405333E+04
         6    0.1209169648E+01    0.1187471882E+01    0.2774273136E+01   -0.3140259935E+00   -0.8958832000E+04   -0.8918750000E+04
         7    0.1755342378E+01    0.1756978846E+01    0.2765282341E+01   -0.4288307916E+00    0.1751604000E+05    0.1811432800E+05
         8    0.1756383738E+01    0.1732957602E+01    0.2767187577E+01    0.1992286115E+02   -0.4388594500E+04   -0.4530578000E+04
         9    0.1612298259E+01    0.1572347069E+01    0.2766411495E+01   -0.2913335756E+00   -0.6310053237E+03   -0.6457363309E+03
        10    0.1635610204E+01    0.1745545154E+01    0.2761892710E+01    0.5806588163E+00    0.8757581000E+04    0.9094098000E+04
        11    0.1627106313E+01    0.1705038918E+01    0.2760648825E+01   -0.1583018643E+00   -0.1264401045E+04   -0.1337643433E+04
        12    0.1755536791E+01    0.1731693426E+01    0.2762451120E+01    0.6581228645E+00    0.7962798182E+04    0.8262800909E+04
        13    0.1765466787E+01    0.1650011619E+01    0.2766220794E+01    0.7095553453E+00    0.7305940000E+04    0.7577315000E+04
        14    0.2386820440E+01    0.2361044686E+01    0.2739324442E+01   -0.3609070584E+00    0.1471159333E+05    0.1502144000E+05
        15    0.1675268678E+01    0.1642040127E+01    0.2765934426E+01    0.3407688657E+00    0.5485265000E+04    0.5680901250E+04
        16    0.1128038411E+01    0.1166111486E+01    0.2789042402E+01   -0.1496584372E+00    0.2200185366E+04    0.2183933415E+04
        17    0.1675551322E+01    0.1692735808E+01    0.2769391602E+01    0.4377800474E+00    0.2186630250E+05    0.2267162000E+05
        18    0.1599396878E+01    0.1596974693E+01    0.2766096992E+01   -0.4733846669E+01    0.6261475714E+04    0.6473567143E+04
        19    0.1454766591E+01    0.1376017459E+01    0.2775636844E+01    0.7161322813E+00   -0.3788568261E+04   -0.3944851739E+04
        20    0.1184240696E+01    0.1212938436E+01    0.2777865068E+01   -0.7480631558E+01   -0.2495023611E+04   -0.2508995833E+04
        21    0.1484068912E+01    0.1497476260E+01    0.2793389900E+01    0.4665562914E+02   -0.8968712371E+03   -0.9324887629E+03
        22    0.1223494633E+01    0.1233942407E+01    0.2779357642E+01    0.1871457086E+01    0.1413994000E+05    0.1513686500E+05
        23    0.1770000000E+01    0.1734111878E+01    0.2763873060E+01    0.6508862807E+00    0.5558033125E+04    0.5652066875E+04
        24    0.1550000000E+01    0.1567293805E+01    0.2768573760E+01    0.1090749903E+01    0.2725321250E+04    0.2833428437E+04
