     Index              y_true              y_pred        descriptor_1        descriptor_2        descriptor_3
         1    0.1678214254E+01    0.1736129893E+01    0.3618921475E+00   -0.1776134551E+01    0.7000000000E-01
         2    0.1757666486E+01    0.1668636352E+01    0.3618011862E+00    0.2999244794E+02    0.7200000000E-01
         3    0.1678834799E+01    0.1854602964E+01    0.3627113305E+00    0.1309391498E+02    0.7300000000E-01
         4    0.8101151469E+00    0.8167476193E+00    0.3567230221E+00   -0.2961562697E+01    0.6100000000E-01
         5    0.1678289321E+01    0.1705610395E+01    0.3617091277E+00   -0.5137795276E+01    0.7000000000E-01
         6    0.1209169648E+01    0.1317980257E+01    0.3604547754E+00    0.3380662610E+01    0.9300000000E-01
         7    0.1755342378E+01    0.1658346255E+01    0.3616267262E+00    0.6009440813E+01    0.7300000000E-01
         8    0.1756383738E+01    0.1778160718E+01    0.3613777427E+00   -0.1178120617E+03    0.7000000000E-01
         9    0.1612298259E+01    0.1549272326E+01    0.3614791226E+00    0.2352834302E+01    0.8700000000E-01
        10    0.1635610204E+01    0.1672457770E+01    0.3620705454E+00   -0.1608558455E+01    0.8589000000E-01
        11    0.1627106313E+01    0.1577260268E+01    0.3622336861E+00    0.9313125128E+00    0.1060000000E+00
        12    0.1755536791E+01    0.1775108578E+01    0.3619973555E+00   -0.2423222379E+01    0.6700000000E-01
        13    0.1765466787E+01    0.1640123531E+01    0.3615040427E+00   -0.3206821561E+01    0.7400000000E-01
        14    0.2386820440E+01    0.2333648260E+01    0.3650535090E+00    0.2725433834E+01    0.6900000000E-01
        15    0.1675268678E+01    0.1682199088E+01    0.3615414707E+00   -0.1811422243E+01    0.6800000000E-01
        16    0.1128038411E+01    0.1033408901E+01    0.3585460011E+00    0.1378235858E+01    0.8100000000E-01
        17    0.1675551322E+01    0.1608800512E+01    0.3610901396E+00   -0.1457894043E+01    0.6600000000E-01
        18    0.1599396878E+01    0.1638012371E+01    0.3615202225E+00    0.3169289142E+02    0.6800000000E-01
        19    0.1454766591E+01    0.1468641192E+01    0.3602776790E+00   -0.2283028370E+01    0.6400000000E-01
        20    0.1184240696E+01    0.1241553094E+01    0.3599886875E+00    0.1637736589E+02    0.8856000000E-01
        21    0.1484068912E+01    0.1479326349E+01    0.3579879773E+00   -0.4685430464E+03    0.8300000000E-01
        22    0.1223494633E+01    0.1249783310E+01    0.3597953660E+00   -0.2826347305E+02    0.9000000000E-01
        23    0.1770000000E+01    0.1733334820E+01    0.3618111174E+00   -0.7103359343E+01    0.6900000000E-01
        24    0.1550000000E+01    0.1632535863E+01    0.3611968063E+00   -0.4459104514E+01    0.6600000000E-01
