     Index              y_true              y_pred        descriptor_1        descriptor_2
         1    0.1678214254E+01    0.1702425109E+01    0.3618921475E+00    0.2673626214E+00
         2    0.1757666486E+01    0.1648066258E+01    0.3618011862E+00   -0.3278670838E+01
         3    0.1678834799E+01    0.1839576938E+01    0.3627113305E+00   -0.1163864962E+01
         4    0.8101151469E+00    0.7419861973E+00    0.3567230221E+00    0.3038077235E+00
         5    0.1678289321E+01    0.1672733961E+01    0.3617091277E+00    0.6771653543E+00
         6    0.1209169648E+01    0.1429109758E+01    0.3604547754E+00   -0.3140259935E+00
         7    0.1755342378E+01    0.1645736476E+01    0.3616267262E+00   -0.4288307916E+00
         8    0.1756383738E+01    0.1814399103E+01    0.3613777427E+00    0.1992286115E+02
         9    0.1612298259E+01    0.1619752463E+01    0.3614791226E+00   -0.2913335756E+00
        10    0.1635610204E+01    0.1738894112E+01    0.3620705454E+00    0.5806588163E+00
        11    0.1627106313E+01    0.1761413805E+01    0.3622336861E+00   -0.1583018643E+00
        12    0.1755536791E+01    0.1726107892E+01    0.3619973555E+00    0.6581228645E+00
        13    0.1765466787E+01    0.1634955370E+01    0.3615040427E+00    0.7095553453E+00
        14    0.2386820440E+01    0.2283415481E+01    0.3650535090E+00   -0.3609070584E+00
        15    0.1675268678E+01    0.1638017477E+01    0.3615414707E+00    0.3407688657E+00
        16    0.1128038411E+01    0.1076047624E+01    0.3585460011E+00   -0.1496584372E+00
        17    0.1675551322E+01    0.1555149782E+01    0.3610901396E+00    0.4377800474E+00
        18    0.1599396878E+01    0.1580472700E+01    0.3615202225E+00   -0.4733846669E+01
        19    0.1454766591E+01    0.1407071480E+01    0.3602776790E+00    0.7161322813E+00
        20    0.1184240696E+01    0.1266784901E+01    0.3599886875E+00   -0.7480631558E+01
        21    0.1484068912E+01    0.1466654525E+01    0.3579879773E+00    0.4665562914E+02
        22    0.1223494633E+01    0.1329622258E+01    0.3597953660E+00    0.1871457086E+01
        23    0.1770000000E+01    0.1691414001E+01    0.3618111174E+00    0.6508862807E+00
        24    0.1550000000E+01    0.1581873014E+01    0.3611968063E+00    0.1090749903E+01
