     Index              y_true              y_pred        descriptor_1
         1    0.1678214254E+01    0.1706019727E+01    0.3618921475E+00
         2    0.1757666486E+01    0.1691230109E+01    0.3618011862E+00
         3    0.1678834799E+01    0.1839212669E+01    0.3627113305E+00
         4    0.8101151469E+00    0.8655591441E+00    0.3567230221E+00
         5    0.1678289321E+01    0.1676262096E+01    0.3617091277E+00
         6    0.1209169648E+01    0.1472313926E+01    0.3604547754E+00
         7    0.1755342378E+01    0.1662864237E+01    0.3616267262E+00
         8    0.1756383738E+01    0.1622381408E+01    0.3613777427E+00
         9    0.1612298259E+01    0.1638865011E+01    0.3614791226E+00
        10    0.1635610204E+01    0.1735025872E+01    0.3620705454E+00
        11    0.1627106313E+01    0.1761551313E+01    0.3622336861E+00
        12    0.1755536791E+01    0.1723125750E+01    0.3619973555E+00
        13    0.1765466787E+01    0.1642916830E+01    0.3615040427E+00
        14    0.2386820440E+01    0.2220033128E+01    0.3650535090E+00
        15    0.1675268678E+01    0.1649002339E+01    0.3615414707E+00
        16    0.1128038411E+01    0.1161961702E+01    0.3585460011E+00
        17    0.1675551322E+01    0.1575619326E+01    0.3610901396E+00
        18    0.1599396878E+01    0.1645547543E+01    0.3615202225E+00
        19    0.1454766591E+01    0.1443519394E+01    0.3602776790E+00
        20    0.1184240696E+01    0.1396531568E+01    0.3599886875E+00
        21    0.1484068912E+01    0.1071231265E+01    0.3579879773E+00
        22    0.1223494633E+01    0.1365098959E+01    0.3597953660E+00
        23    0.1770000000E+01    0.1692844847E+01    0.3618111174E+00
        24    0.1550000000E+01    0.1592962522E+01    0.3611968063E+00
