Model_ID, [(c_i,i=0,n)_j,j=1,ntask]
           1   -0.5713489855E+02    0.1625924151E+03
           2    0.6005338809E+02   -0.2111531248E+02
           3   -0.5221557697E+01   -0.1163458933E+02
           4   -0.3315840855E+02    0.1490516783E+02
           5   -0.2129297721E+02    0.7017429513E+02
           6   -0.4386808886E+02    0.7960683188E+02
           7   -0.8901705495E+02    0.1199038712E+03
           8    0.1260400020E+03   -0.1955142353E+03
           9    0.9157638396E+02   -0.6799897766E+02
          10    0.4642743398E+02   -0.2560287150E+02
          11    0.2385239350E+02   -0.7258630627E+01
          12   -0.3792925802E+02    0.1293363902E+03
          13    0.4066656396E+02   -0.1193952993E+02
          14   -0.1641781992E+02    0.1218846257E+02
          15    0.1904968559E+02   -0.2579093674E+02
          16   -0.1725688839E+02    0.1953492689E+04
          17    0.1980433335E+02   -0.1756989534E+00
          18   -0.1588351500E+02    0.1036820855E+02
          19   -0.1170151194E+02    0.2231401700E+03
          20   -0.3302566404E+02    0.2666517905E+02
          21   -0.1989643341E+02    0.1884073895E+04
          22   -0.2466569027E+02    0.1075827615E+03
          23   -0.1790763387E+02    0.2487066928E+04
          24   -0.2223407149E+02    0.3352708562E+03
          25    0.2335335065E+02   -0.5327493970E-02
          26    0.3553994247E+02   -0.4407037487E+02
          27    0.2498949748E+02   -0.1662575096E+01
          28   -0.2059284882E+00    0.5350007160E+02
          29    0.2052267505E+02   -0.1484020773E+00
          30   -0.1814478071E+02    0.1116043440E+04
          31    0.1839791283E+02   -0.2832099400E+02
          32    0.2247925147E+02   -0.2381963087E+00
          33    0.2718706166E+02   -0.6246478002E+01
          34   -0.1822150064E+02    0.1120494568E+04
          35   -0.1828805481E+02    0.1126295630E+04
          36   -0.6098101988E+02    0.1819312546E+04
          37   -0.1751503242E+02    0.1059578610E+04
          38    0.1422308695E+02   -0.7522522399E+00
          39    0.6360941066E+02   -0.2132982525E+01
          40   -0.3626820918E+02    0.2819427367E+03
          41   -0.1676537175E+02    0.9959830409E+03
          42    0.1582728720E+02   -0.3623078633E-02
          43   -0.4447735762E+02    0.2435980965E+04
          44   -0.1682830386E+02    0.1001285285E+04
          45    0.2062035794E+02   -0.3364618692E+00
          46   -0.1689473943E+02    0.1005001860E+04
          47    0.4722922659E+02   -0.8630698130E+00
          48    0.2070654482E+02   -0.3379521806E+00
          49    0.2077834024E+02   -0.3386082772E+00
          50   -0.2959122014E+02    0.2357800675E+04
          51   -0.6185002912E+02    0.1844836877E+04
          52    0.3874257878E+02   -0.4988519182E+01
          53    0.2390477452E+02   -0.1719209425E-02
          54   -0.1355766114E+02    0.7678873834E+03
          55   -0.2191372846E+02    0.5149228253E+02
          56    0.6451465829E+02   -0.2163815532E+01
          57    0.1519403598E+02   -0.1951867904E+02
          58    0.1998949949E+02   -0.3317070573E+00
          59   -0.1507287043E+02    0.4652028163E+01
          60   -0.1673718860E+02   -0.2640271508E+04
          61   -0.2480534143E+02    0.2113128977E+05
          62   -0.1355019912E+02    0.1544214281E+04
          63   -0.9071650552E+01    0.1575037298E+03
          64   -0.9019305734E+01    0.5116053592E+01
          65   -0.1228636488E+02    0.9668493531E+01
          66    0.3229647469E+02   -0.4060603905E+00
          67   -0.5089422027E+02    0.1485020204E+04
          68    0.1185737326E+02   -0.1266138069E-03
          69   -0.1030715502E+03    0.5567241183E+03
          70   -0.6287613744E+02    0.1879404323E+04
          71    0.1922501446E+02   -0.3249497471E+00
          72   -0.1801301800E+02    0.2721848900E+04
          73    0.1929298317E+02   -0.3255876387E+00
          74    0.1056369510E+03   -0.1956024742E+02
          75    0.1633422849E+02   -0.2907769940E+00
          76    0.5345963594E+02   -0.1833162745E+01
          77   -0.2301564366E+02    0.1857648901E+04
          78    0.1061269997E+02   -0.2932017039E-02
          79   -0.2942300677E+02    0.1835649314E+04
          80    0.1936882877E+02   -0.3269488823E+00
          81    0.6556503956E+02   -0.2194401963E+01
          82    0.1941901761E+02    0.1237374939E+00
          83    0.1167912812E+02   -0.6826034223E+00
          84    0.2737079864E+02   -0.3220055725E-01
          85    0.2427601138E+02   -0.1035407029E+02
          86    0.1771973912E+02   -0.5776256486E+02
          87   -0.5142414875E+02    0.1461844402E+03
          88   -0.1661673253E+02    0.1745500292E+03
          89    0.2567183403E+02   -0.3189485976E+00
          90   -0.1792149672E+02    0.3090178441E+04
          91   -0.9955469066E+01    0.1302851577E+04
          92   -0.1157630107E+02    0.4011489152E+03
          93   -0.2625567090E+02    0.1076251372E+02
          94    0.2900383764E+02   -0.7092221007E+02
          95   -0.4420859766E+02    0.4291408457E+02
          96   -0.4163032944E+02   -0.1185778947E+04
          97    0.2069176755E+02   -0.1375526442E+00
          98   -0.2126466128E+02    0.4727526780E+02
          99    0.3826170082E+02   -0.4010538068E+00
         100   -0.1091980592E+02   -0.2379106330E+02
