        Rank        RMSE       MaxAE  Feature_ID
           1    0.138403    0.412838  (       1)
           2    0.138979    0.413981  (       2)
           3    0.141642    0.327224  (       3)
           4    0.142246    0.341851  (       4)
           5    0.143323    0.349253  (       5)
           6    0.143991    0.353740  (       6)
           7    0.144327    0.355980  (       7)
           8    0.144480    0.356991  (       8)
           9    0.145007    0.360455  (       9)
          10    0.145349    0.362689  (      10)
          11    0.146040    0.367149  (      11)
          12    0.150194    0.361537  (      12)
          13    0.150982    0.369573  (      13)
          14    0.152206    0.516547  (      14)
          15    0.153819    0.526016  (      15)
          16    0.154920    0.401121  (      16)
          17    0.157765    0.419309  (      17)
          18    0.158134    0.363603  (      18)
          19    0.158499    0.360692  (      19)
          20    0.158990    0.369522  (      20)
          21    0.159155    0.374268  (      21)
          22    0.159611    0.368460  (      22)
          23    0.159626    0.436215  (      23)
          24    0.159668    0.462338  (      24)
          25    0.160697    0.422041  (      25)
          26    0.160720    0.381269  (      26)
          27    0.160879    0.462691  (      27)
          28    0.161000    0.565603  (      28)
          29    0.161235    0.450178  (      29)
          30    0.161384    0.413786  (      30)
          31    0.161593    0.387096  (      31)
          32    0.161639    0.370706  (      32)
          33    0.161862    0.383842  (      33)
          34    0.161863    0.411685  (      34)
          35    0.162096    0.411157  (      35)
          36    0.162330    0.405708  (      36)
          37    0.163001    0.420780  (      37)
          38    0.163001    0.391449  (      38)
          39    0.163135    0.404477  (      39)
          40    0.163745    0.425341  (      40)
          41    0.163931    0.430154  (      41)
          42    0.164110    0.388870  (      42)
          43    0.164137    0.419358  (      43)
          44    0.164143    0.429652  (      44)
          45    0.164375    0.431813  (      45)
          46    0.164636    0.427735  (      46)
          47    0.164741    0.420203  (      47)
          48    0.164778    0.429615  (      48)
          49    0.164965    0.428966  (      49)
          50    0.165104    0.413681  (      50)
          51    0.165139    0.414191  (      51)
          52    0.165251    0.434412  (      52)
          53    0.165308    0.432842  (      53)
          54    0.165379    0.421826  (      54)
          55    0.165406    0.464808  (      55)
          56    0.165868    0.413349  (      56)
          57    0.165959    0.583878  (      57)
          58    0.166010    0.438920  (      58)
          59    0.166023    0.474257  (      59)
          60    0.166042    0.433539  (      60)
          61    0.166063    0.379678  (      61)
          62    0.166092    0.433334  (      62)
          63    0.166133    0.634280  (      63)
          64    0.166357    0.577238  (      64)
          65    0.166448    0.580519  (      65)
          66    0.166490    0.412619  (      66)
          67    0.166541    0.383208  (      67)
          68    0.166636    0.528608  (      68)
          69    0.166781    0.384968  (      69)
          70    0.167025    0.420350  (      70)
          71    0.167082    0.448622  (      71)
          72    0.167154    0.457294  (      72)
          73    0.167246    0.447999  (      73)
          74    0.167263    0.388481  (      74)
          75    0.167400    0.422443  (      75)
          76    0.167504    0.390232  (      76)
          77    0.167523    0.437237  (      77)
          78    0.167542    0.447875  (      78)
          79    0.167640    0.450408  (      79)
          80    0.167661    0.445980  (      80)
          81    0.167700    0.419777  (      81)
          82    0.167837    0.437284  (      82)
          83    0.167932    0.640313  (      83)
          84    0.167989    0.393727  (      84)
          85    0.168185    0.478677  (      85)
          86    0.168206    0.475062  (      86)
          87    0.168351    0.429384  (      87)
          88    0.168382    0.390110  (      88)
          89    0.168482    0.447777  (      89)
          90    0.168522    0.489176  (      90)
          91    0.168622    0.554687  (      91)
          92    0.168644    0.453851  (      92)
          93    0.168739    0.635929  (      93)
          94    0.168804    0.637354  (      94)
          95    0.168884    0.430519  (      95)
          96    0.168917    0.431381  (      96)
          97    0.168952    0.457346  (      97)
          98    0.168962    0.469336  (      98)
          99    0.168966    0.402290  (      99)
         100    0.168974    0.591091  (     100)
