        Rank        RMSE       MaxAE  Feature_ID
           1    0.093765    0.219940  (       1     101)
           2    0.094379    0.221405  (       2     101)
           3    0.095887    0.217819  (       1     103)
           4    0.096179    0.218146  (       1     102)
           5    0.096327    0.216931  (       1     129)
           6    0.096408    0.217859  (       1     104)
           7    0.096427    0.217771  (       1     111)
           8    0.096427    0.217438  (       1     126)
           9    0.096440    0.217809  (       1     108)
          10    0.096487    0.217940  (       1     114)
          11    0.096490    0.219285  (       2     103)
          12    0.096501    0.217849  (       1     115)
          13    0.096509    0.217838  (       1     119)
          14    0.096516    0.217929  (       1     110)
          15    0.096519    0.217869  (       1     118)
          16    0.096524    0.218019  (       1     109)
          17    0.096526    0.217918  (       1     113)
          18    0.096534    0.217903  (       1     117)
          19    0.096536    0.217921  (       1     116)
          20    0.096541    0.217785  (       1     125)
          21    0.096546    0.218097  (       1     107)
          22    0.096557    0.217935  (       1     112)
          23    0.096557    0.217876  (       1     120)
          24    0.096572    0.217107  (       1     136)
          25    0.096608    0.217952  (       1     121)
          26    0.096614    0.217946  (       1     122)
          27    0.096624    0.217951  (       1     123)
          28    0.096669    0.217791  (       1     127)
          29    0.096683    0.217927  (       1     128)
          30    0.096736    0.221329  (       1     135)
          31    0.096736    0.218030  (       1     124)
          32    0.096796    0.219618  (       2     102)
          33    0.096823    0.218713  (       1     105)
          34    0.096853    0.217774  (       1     130)
          35    0.096930    0.218397  (       2     129)
          36    0.097027    0.219332  (       2     104)
          37    0.097041    0.218774  (       1     106)
          38    0.097042    0.218910  (       2     126)
          39    0.097042    0.219243  (       2     111)
          40    0.097057    0.219281  (       2     108)
          41    0.097105    0.219412  (       2     114)
          42    0.097120    0.219322  (       2     115)
          43    0.097127    0.219311  (       2     119)
          44    0.097135    0.219402  (       2     110)
          45    0.097137    0.219342  (       2     118)
          46    0.097143    0.218563  (       2     136)
          47    0.097144    0.219492  (       2     109)
          48    0.097146    0.219391  (       2     113)
          49    0.097153    0.219376  (       2     117)
          50    0.097154    0.222704  (       2     135)
          51    0.097155    0.219394  (       2     116)
          52    0.097159    0.219258  (       2     125)
          53    0.097167    0.219570  (       2     107)
          54    0.097172    0.228886  (       1     132)
          55    0.097177    0.219349  (       2     120)
          56    0.097178    0.219409  (       2     112)
          57    0.097229    0.219426  (       2     121)
          58    0.097235    0.219420  (       2     122)
          59    0.097245    0.219425  (       2     123)
          60    0.097289    0.219264  (       2     127)
          61    0.097301    0.219399  (       2     128)
          62    0.097361    0.219505  (       2     124)
          63    0.097454    0.220190  (       2     105)
          64    0.097461    0.227843  (       1     131)
          65    0.097474    0.219248  (       2     130)
          66    0.097548    0.225554  (       1     137)
          67    0.097612    0.230299  (       2     132)
          68    0.097679    0.220254  (       2     106)
          69    0.097929    0.229260  (       2     131)
          70    0.098022    0.226975  (       2     137)
          71    0.098351    0.225989  (       1     141)
          72    0.098559    0.224697  (       1     142)
          73    0.098580    0.219632  (       1     134)
          74    0.098593    0.225719  (       1     143)
          75    0.098648    0.225438  (       1     144)
          76    0.098736    0.225384  (       1     145)
          77    0.098791    0.225123  (       1     146)
          78    0.098816    0.227407  (       2     141)
          79    0.098839    0.222358  (       1     149)
          80    0.098919    0.223402  (       1     147)
          81    0.099025    0.226110  (       2     142)
          82    0.099032    0.225407  (       1     151)
          83    0.099041    0.225223  (       1     148)
          84    0.099059    0.227137  (       2     143)
          85    0.099060    0.225274  (       1     152)
          86    0.099069    0.222004  (       1     189)
          87    0.099119    0.226857  (       2     144)
          88    0.099131    0.225144  (       1     153)
          89    0.099136    0.225163  (       1     155)
          90    0.099175    0.225116  (       1     158)
          91    0.099177    0.225097  (       1     161)
          92    0.099186    0.225421  (       1     154)
          93    0.099186    0.225170  (       1     157)
          94    0.099195    0.225128  (       1     166)
          95    0.099200    0.225115  (       1     168)
          96    0.099208    0.225135  (       1     165)
          97    0.099211    0.225089  (       1     167)
          98    0.099211    0.225048  (       1     177)
          99    0.099211    0.225121  (       1     160)
         100    0.099212    0.225101  (       1     162)
