Model_ID, [(c_i,i=0,n)_j,j=1,ntask]
           1    0.5964683027E+02   -0.2098854874E+02    0.1040760306E-01    0.4552803085E-03   -0.4317484610E-03
           2   -0.5683064423E+02    0.1615970169E+03    0.1038034646E-01    0.4501070142E-03   -0.4268244124E-03
           3   -0.5742830952E+02    0.1641482881E+03    0.1074088614E-01   -0.4301143564E+01   -0.3855468999E-01
           4   -0.5424432331E+02    0.1544217213E+03    0.1012142228E-01    0.4896467462E-03   -0.2358865734E-03
           5    0.5705725518E+02   -0.2005518943E+02    0.1014863389E-01    0.4929064411E-03   -0.2374481003E-03
           6    0.6005926489E+02   -0.2113928943E+02    0.1063727602E-01    0.4043345703E-03   -0.1068812907E-01
           7   -0.5724236697E+02    0.1627235526E+03    0.1060577571E-01    0.4008737870E-03   -0.1059681110E-01
           8    0.6095442380E+02   -0.2134259949E+02    0.1076854340E-01   -0.4343278566E+01   -0.3848343810E-01
           9    0.6123658616E+02   -0.2156681090E+02    0.1096666962E-01    0.9584710114E-03   -0.5081124858E-01
          10    0.5943595947E+02   -0.2091409396E+02    0.6956500747E-03    0.4657802353E-03   -0.4414726219E-03
          11    0.5690734487E+02   -0.2000418931E+02   -0.1029721151E+00    0.5726702378E-01    0.3800999573E-02
          12   -0.5343560013E+02    0.1521660908E+03   -0.7523420052E-03    0.5152135027E-03   -0.2480869328E-03
          13    0.5623307421E+02   -0.1975967281E+02   -0.7541597432E-03    0.5185848484E-03   -0.2497030077E-03
          14    0.5967216462E+02   -0.2100238076E+02    0.1085625049E-01    0.9989130467E-03   -0.8375757203E-01
          15   -0.5687327849E+02    0.1616795740E+03    0.1082341238E-01    0.9905948903E-03   -0.8306064208E-01
          16   -0.5844093012E+02    0.1660244393E+03    0.1093354641E-01    0.9436743492E-03   -0.5002392534E-01
          17   -0.5663071704E+02    0.1610304218E+03    0.6938951122E-03    0.4605696182E-03   -0.4365132715E-03
          18   -0.5409898723E+02    0.1539959460E+03   -0.1024334801E+00    0.5696725248E-01    0.3761058302E-02
          19   -0.5394536713E+02    0.1535809622E+03    0.6766335344E-03    0.5038561296E-03   -0.2426380686E-03
          20   -0.5437805308E+02    0.1547906724E+03    0.1014710747E-01    0.1711919518E-01   -0.2503761638E-03
          21    0.5674667521E+02   -0.1994471958E+02    0.6783638136E-03    0.5071865013E-03   -0.2442339250E-03
          22    0.5719430221E+02   -0.2010486199E+02    0.1017526048E-01    0.1721794845E-01   -0.2518077233E-03
          23    0.5981958660E+02   -0.2105452382E+02    0.7129427055E-03    0.4177066751E-03   -0.1103684129E-01
          24    0.5901193051E+02   -0.2076135874E+02   -0.7717685790E-03    0.4717366960E-03   -0.4470058419E-03
          25   -0.5701409578E+02    0.1620777698E+03    0.7108971643E-03    0.4141987099E-03   -0.1094427528E-01
          26    0.5965230833E+02   -0.2099226422E+02   -0.6394006481E-03    0.4577514355E-03   -0.4337167622E-03
          27    0.5829635080E+02   -0.2050534476E+02   -0.7837739442E-03    0.1019762950E-02   -0.1043468153E-02
          28   -0.5621029765E+02    0.1598632305E+03   -0.7699308295E-03    0.4665163026E-03   -0.4420368542E-03
          29    0.6102058540E+02   -0.2149074407E+02    0.7364199636E-03    0.9942543303E-03   -0.5269948771E-01
          30    0.5990706056E+02   -0.2108374654E+02    0.1540687507E-02    0.4578671168E-03   -0.4340058320E-03
          31    0.5978735293E+02   -0.2104081121E+02   -0.1130236490E-03    0.4599271461E-03   -0.4358984136E-03
          32   -0.5684704775E+02    0.1616291494E+03   -0.6377531718E-03    0.4525513764E-03   -0.4287679797E-03
          33   -0.5484236876E+02    0.1560608542E+03    0.1048984831E-01    0.1687642148E-02    0.1195795180E-02
          34    0.6057651753E+02   -0.2133088596E+02   -0.8190905193E-03    0.1013826940E-02   -0.5373257336E-01
          35    0.5938073121E+02   -0.2089647333E+02   -0.7917373705E-03    0.4242510780E-03   -0.1120707230E-01
          36   -0.5657935349E+02    0.1608706201E+03   -0.7895771749E-03    0.4207235269E-03   -0.1111397473E-01
          37    0.5985387353E+02   -0.2106473196E+02    0.2077533775E-03    0.4588485461E-03   -0.4348986751E-03
          38    0.5915070012E+02   -0.2081162290E+02    0.1047931211E-01    0.9460641759E-03   -0.9681133843E-03
          39    0.5986979495E+02   -0.2107048742E+02   -0.1166573014E-03    0.4587916761E-03   -0.4348464054E-03
          40   -0.5612369378E+02    0.1595850634E+03   -0.8087996196E-03    0.1052695369E-02   -0.8825034660E-01
          41    0.5985935786E+02   -0.2106671886E+02   -0.8960349282E-04    0.4596748880E-03   -0.4356989330E-03
          42    0.5991362022E+02   -0.2108621370E+02   -0.4060122924E-03    0.4589775479E-03   -0.4350681055E-03
          43    0.5986467187E+02   -0.2106864267E+02   -0.1159091644E-03    0.4592483209E-03   -0.4352865956E-03
          44    0.5890618270E+02   -0.2072822795E+02   -0.8110785799E-03    0.1061191728E-02   -0.8896227116E-01
          45   -0.5709728150E+02    0.1623260206E+03    0.1536515387E-02    0.4526761119E-03   -0.4290658315E-03
          46    0.5986897187E+02   -0.2107018783E+02   -0.1058541466E-03    0.4593438174E-03   -0.4353822511E-03
          47    0.5989023792E+02   -0.2107784484E+02   -0.2277289027E-03    0.4581433222E-03   -0.4342269569E-03
          48    0.5989554517E+02   -0.2107974112E+02   -0.1594903803E-03    0.4587177454E-03   -0.4347927881E-03
          49   -0.5697994349E+02    0.1619988469E+03   -0.1127240790E-03    0.4547271000E-03   -0.4309497153E-03
          50    0.5989769273E+02   -0.2108051984E+02   -0.2979383408E-03    0.4587149716E-03   -0.4347895400E-03
          51    0.5989656087E+02   -0.2108011456E+02   -0.1882674792E-03    0.4587440870E-03   -0.4348165218E-03
          52    0.5990441928E+02   -0.2108294600E+02   -0.9204178104E-04    0.4589801393E-03   -0.4350493995E-03
          53    0.5989765159E+02   -0.2108051706E+02   -0.1269099039E-03    0.4588509823E-03   -0.4349177679E-03
          54    0.5879900429E+02   -0.2068640634E+02    0.7040509140E-03    0.9934268549E-03   -0.1016535796E-02
          55    0.5765345708E+02   -0.2027271113E+02    0.1052046444E-01    0.1695403053E-02    0.1201261270E-02
          56   -0.5552389077E+02    0.1579442149E+03   -0.7819570554E-03    0.1005619376E-02   -0.1028940826E-02
          57    0.5992009523E+02   -0.2108859070E+02   -0.7199642796E-04    0.4584603977E-03   -0.4345539499E-03
          58    0.5991740692E+02   -0.2108761432E+02   -0.7522909758E-04    0.4587973413E-03   -0.4348810295E-03
          59    0.5992337732E+02   -0.2108973053E+02   -0.2280316803E-03    0.4588737574E-03   -0.4349660371E-03
          60    0.5992641534E+02   -0.2109085180E+02   -0.1250595926E-03    0.4588533681E-03   -0.4349417117E-03
          61    0.5976481656E+02   -0.2103677842E+02    0.1096485064E-01    0.9286499566E-03   -0.4164067221E-01
          62   -0.5704562339E+02    0.1621814989E+03    0.2071972449E-03    0.4536513208E-03   -0.4299527122E-03
          63   -0.5823561202E+02    0.1654410914E+03    0.7342056721E-03    0.9793978303E-03   -0.5190902751E-01
          64    0.6150443391E+02   -0.2166329339E+02    0.1091066966E-01    0.2296514030E-01    0.7216092678E-03
          65    0.5994451614E+02   -0.2109735506E+02   -0.8029415688E-04    0.4582789431E-03   -0.4343979772E-03
          66   -0.5706155563E+02    0.1622255725E+03   -0.1163445396E-03    0.4535938905E-03   -0.4298999213E-03
          67   -0.5697547671E+02    0.1619554343E+03    0.1093142719E-01    0.9198397213E-03   -0.4124545472E-01
          68    0.5986970064E+02   -0.2107050676E+02    0.8140640019E-03    0.4615544403E-03   -0.4375166648E-03
          69    0.5993933592E+02   -0.2109551880E+02    0.6709557924E-03    0.4590514666E-03   -0.4351369294E-03
          70   -0.5705108214E+02    0.1621965666E+03   -0.8936318333E-04    0.4544760455E-03   -0.4307514182E-03
          71   -0.5353584087E+02    0.1524422002E+03   -0.7546025804E-03    0.1810304855E-01   -0.2646682593E-03
          72    0.5991227356E+02   -0.2108579318E+02    0.1577134703E-02    0.4596515884E-03   -0.4356966581E-03
          73   -0.5710454556E+02    0.1623453831E+03   -0.4049147806E-03    0.4537806938E-03   -0.4301224928E-03
          74    0.6004599701E+02   -0.2113629573E+02   -0.6548026037E-03    0.4092781316E-03   -0.1080940372E-01
          75   -0.5705646822E+02    0.1622114442E+03   -0.1155984770E-03    0.4540495716E-03   -0.4303391771E-03
          76    0.5996577070E+02   -0.2110503304E+02   -0.8919527022E-04    0.4578487754E-03   -0.4339873414E-03
          77   -0.5779504800E+02    0.1642172537E+03   -0.8167099068E-03    0.9989975323E-03   -0.5294356267E-01
          78   -0.5706070125E+02    0.1622232248E+03   -0.1055701637E-03    0.4541449145E-03   -0.4304346845E-03
          79   -0.5423930612E+02    0.1543949422E+03   -0.6212026535E-03    0.4923563961E-03   -0.2370035240E-03
          80   -0.5723994832E+02    0.1627031097E+03   -0.6528793383E-03    0.4057917234E-03   -0.1071743067E-01
          81   -0.5708178102E+02    0.1622817707E+03   -0.2271164774E-03    0.4529471663E-03   -0.4292820678E-03
          82   -0.5708689518E+02    0.1622960880E+03   -0.1590606331E-03    0.4535209400E-03   -0.4298472557E-03
          83   -0.5662082881E+02    0.1609658059E+03    0.7260858951E-03    0.1025316055E-02   -0.8595701892E-01
          84   -0.5708906505E+02    0.1623020722E+03   -0.2971354680E-03    0.4535179627E-03   -0.4298438161E-03
          85   -0.5708796552E+02    0.1622990010E+03   -0.1877602947E-03    0.4535468743E-03   -0.4298706018E-03
          86    0.5940745909E+02   -0.2090871247E+02    0.7282194584E-03    0.1033757482E-02   -0.8666428959E-01
          87   -0.5709570111E+02    0.1623204713E+03   -0.9179327112E-04    0.4537831105E-03   -0.4301036622E-03
          88   -0.5708909406E+02    0.1623020603E+03   -0.1265679038E-03    0.4536535629E-03   -0.4299716568E-03
          89   -0.5798051850E+02    0.1657349793E+03    0.1589321010E-02   -0.4593193983E+01   -0.3746222395E-01
          90   -0.6780163923E+02    0.1924132876E+03    0.7321294039E+00    0.6281218848E-02   -0.4817428701E+00
          91   -0.5636840081E+02    0.1602999389E+03    0.1045474196E-01    0.9318578113E-03   -0.9535206952E-03
          92    0.5704114218E+02   -0.2005105500E+02   -0.6228373200E-03    0.4956560294E-03   -0.2385840662E-03
          93    0.5993366766E+02   -0.2109353674E+02    0.1804918663E-02    0.4586318093E-03   -0.4347073097E-03
          94   -0.5395730227E+02    0.1535919989E+03   -0.7827595692E-03    0.1798720053E-02    0.1274347977E-02
          95   -0.5711123661E+02    0.1623636155E+03   -0.7180162721E-04    0.4532645213E-03   -0.4296093370E-03
          96   -0.5710854373E+02    0.1623562010E+03   -0.7502568229E-04    0.4536003344E-03   -0.4299353148E-03
          97   -0.5711423092E+02    0.1623722546E+03   -0.2274140552E-03    0.4536771236E-03   -0.4300206666E-03
          98   -0.5711741159E+02    0.1623808773E+03   -0.1247208632E-03    0.4536564449E-03   -0.4299960783E-03
          99    0.5633609965E+02   -0.1979707339E+02   -0.7564796683E-03    0.1820650511E-01   -0.2661695533E-03
         100    0.6018381157E+02   -0.2118584827E+02   -0.1157809336E-03    0.4115540131E-03   -0.1087309627E-01
