        Rank        RMSE       MaxAE  Feature_ID
           1    0.054028    0.127113  (       2     101     205     226)
           2    0.054252    0.128078  (       1     101     205     226)
           3    0.054403    0.120691  (       1     101     201     281)
           4    0.054612    0.114635  (       1     101     208     241)
           5    0.054668    0.115057  (       2     101     208     241)
           6    0.054969    0.125604  (       2     101     205     230)
           7    0.055009    0.126641  (       1     101     205     230)
           8    0.055017    0.120010  (       2     101     201     281)
           9    0.055309    0.128666  (       2     101     208     224)
          10    0.055503    0.123821  (       2     106     205     226)
          11    0.055515    0.107654  (       2     109     120     254)
          12    0.055537    0.118535  (       1     134     208     241)
          13    0.055627    0.117565  (       2     134     208     241)
          14    0.055666    0.125396  (       2     101     208     220)
          15    0.055671    0.126430  (       1     101     208     220)
          16    0.055678    0.129582  (       1     101     208     224)
          17    0.055702    0.124794  (       1     106     205     226)
          18    0.055724    0.108707  (       1     109     120     254)
          19    0.055731    0.119197  (       1     106     208     241)
          20    0.055802    0.119805  (       1     101     209     241)
          21    0.055807    0.118220  (       2     106     208     241)
          22    0.055928    0.120257  (       2     101     209     241)
          23    0.055946    0.122182  (       2     106     205     230)
          24    0.055949    0.120377  (       2     134     205     226)
          25    0.055968    0.123228  (       1     106     205     230)
          26    0.056007    0.125272  (       2     105     205     226)
          27    0.056104    0.124621  (       2     134     208     221)
          28    0.056127    0.121397  (       1     134     205     226)
          29    0.056136    0.125239  (       2     106     208     224)
          30    0.056151    0.127321  (       2     102     205     226)
          31    0.056190    0.125986  (       2     124     205     226)
          32    0.056208    0.126245  (       1     105     205     226)
          33    0.056219    0.117992  (       1     101     242     249)
          34    0.056239    0.120667  (       2     134     208     224)
          35    0.056255    0.117726  (       2     134     205     230)
          36    0.056257    0.118779  (       1     134     205     230)
          37    0.056281    0.126691  (       2     107     205     226)
          38    0.056300    0.119326  (       2     101     208     221)
          39    0.056325    0.126696  (       2     112     205     226)
          40    0.056332    0.118336  (       1     134     208     220)
          41    0.056339    0.126746  (       2     123     205     226)
          42    0.056350    0.127151  (       2     104     205     226)
          43    0.056356    0.126760  (       2     121     205     226)
          44    0.056359    0.117286  (       2     134     208     220)
          45    0.056368    0.128291  (       1     102     205     226)
          46    0.056381    0.126846  (       2     122     205     226)
          47    0.056388    0.126947  (       2     109     205     226)
          48    0.056390    0.127042  (       2     110     205     226)
          49    0.056399    0.126959  (       1     124     205     226)
          50    0.056403    0.127032  (       2     113     205     226)
          51    0.056409    0.127015  (       2     116     205     226)
          52    0.056414    0.127040  (       2     117     205     226)
          53    0.056420    0.127005  (       2     120     205     226)
          54    0.056433    0.125127  (       2     106     208     221)
          55    0.056434    0.116904  (       2     101     242     249)
          56    0.056444    0.125579  (       1     134     208     221)
          57    0.056462    0.127268  (       2     115     205     226)
          58    0.056466    0.127220  (       2     118     205     226)
          59    0.056484    0.127382  (       2     114     205     226)
          60    0.056490    0.127319  (       2     119     205     226)
          61    0.056490    0.124612  (       2     101     208     222)
          62    0.056493    0.127662  (       1     107     205     226)
          63    0.056496    0.126163  (       1     106     208     224)
          64    0.056507    0.129323  (       2     101     236     249)
          65    0.056514    0.127530  (       2     108     205     226)
          66    0.056537    0.127668  (       1     112     205     226)
          67    0.056538    0.125643  (       1     101     208     222)
          68    0.056541    0.127321  (       2     130     205     226)
          69    0.056551    0.127392  (       2     125     205     226)
          70    0.056551    0.127717  (       1     123     205     226)
          71    0.056556    0.116069  (       1     134     209     241)
          72    0.056564    0.126985  (       2     127     205     226)
          73    0.056565    0.128122  (       1     104     205     226)
          74    0.056567    0.123699  (       2     105     205     230)
          75    0.056568    0.127732  (       1     121     205     226)
          76    0.056571    0.127724  (       2     111     205     226)
          77    0.056583    0.121598  (       1     134     208     224)
          78    0.056593    0.127817  (       1     122     205     226)
          79    0.056594    0.119304  (       1     105     208     241)
          80    0.056595    0.124744  (       1     105     205     230)
          81    0.056601    0.127919  (       1     109     205     226)
          82    0.056603    0.128013  (       1     110     205     226)
          83    0.056611    0.122935  (       1     106     208     220)
          84    0.056617    0.128003  (       1     113     205     226)
          85    0.056622    0.127986  (       1     116     205     226)
          86    0.056624    0.121892  (       2     106     208     220)
          87    0.056628    0.128011  (       1     117     205     226)
          88    0.056633    0.127976  (       1     120     205     226)
          89    0.056634    0.123988  (       1     102     201     281)
          90    0.056636    0.100510  (       1     131     290     361)
          91    0.056638    0.120311  (       1     101     208     221)
          92    0.056665    0.118322  (       2     105     208     241)
          93    0.056666    0.127378  (       2     128     205     226)
          94    0.056672    0.119221  (       1     134     242     249)
          95    0.056676    0.128239  (       1     115     205     226)
          96    0.056680    0.128191  (       1     118     205     226)
          97    0.056698    0.128352  (       1     114     205     226)
          98    0.056704    0.128290  (       1     119     205     226)
          99    0.056715    0.115294  (       2     134     209     241)
         100    0.056715    0.124421  (       2     124     205     230)
