Model_ID, [(c_i,i=0,n)_j,j=1,ntask]
           1   -0.6556798653E+02    0.1858774455E+03    0.1056143366E-01
           2    0.6845847712E+02   -0.2415932912E+02    0.1058837456E-01
           3   -0.6606728909E+02    0.1872545705E+03   -0.1817935163E-02
           4   -0.6585102793E+02    0.1866561741E+03    0.1542749295E-02
           5   -0.6616760915E+02    0.1875323699E+03    0.3696203239E-02
           6   -0.6586744448E+02    0.1867010222E+03   -0.4061666888E-03
           7   -0.6591030157E+02    0.1868196709E+03   -0.8931217008E-04
           8   -0.6603686078E+02    0.1871700961E+03    0.4841105471E-03
           9   -0.6589250889E+02    0.1867704928E+03   -0.8036593565E-04
          10   -0.6587613166E+02    0.1867251684E+03   -0.2281048361E-03
          11    0.6895438582E+02   -0.2433913122E+02   -0.1822735650E-02
          12   -0.6586838503E+02    0.1867036328E+03   -0.7198039185E-04
          13   -0.6587875579E+02    0.1867323387E+03   -0.1250691322E-03
          14   -0.6584544535E+02    0.1866401616E+03   -0.1593557910E-03
          15   -0.6586881094E+02    0.1867048081E+03   -0.7520967046E-04
          16   -0.6583429700E+02    0.1866093713E+03   -0.2274496621E-03
          17   -0.6584754834E+02    0.1866459715E+03   -0.2976780547E-03
          18   -0.6585686938E+02    0.1866717217E+03   -0.9197061606E-04
          19   -0.6584660996E+02    0.1866433669E+03   -0.1880893691E-03
          20   -0.6589373483E+02    0.1867737259E+03    0.6710961123E-03
          21   -0.6580357194E+02    0.1865242920E+03    0.2073379114E-03
          22   -0.6581923115E+02    0.1865675608E+03   -0.1164432513E-03
          23   -0.6584852419E+02    0.1866486350E+03   -0.1267707887E-03
          24   -0.6671869194E+02    0.1890632384E+03   -0.1117681694E-02
          25   -0.6581811723E+02    0.1865644315E+03   -0.1156710926E-03
          26   -0.6582348718E+02    0.1865792907E+03   -0.1056525535E-03
          27   -0.6581653605E+02    0.1865600646E+03   -0.8940641475E-04
          28   -0.6587071590E+02    0.1867099747E+03    0.1575413119E-02
          29   -0.6588257727E+02    0.1867428154E+03    0.1803177176E-02
          30   -0.6652390158E+02    0.1885776432E+03    0.9012071352E-02
          31   -0.6574398553E+02    0.1863592693E+03   -0.1124931380E-03
          32    0.6873598447E+02   -0.2426020130E+02    0.1546576055E-02
          33   -0.6558569593E+02    0.1859208916E+03   -0.6341336904E-03
          34   -0.6584363120E+02    0.1866345621E+03    0.8117758583E-03
          35    0.6905472106E+02   -0.2437536406E+02    0.3706005570E-02
          36    0.6875155677E+02   -0.2426590446E+02   -0.4071653480E-03
          37   -0.6544199690E+02    0.1855229163E+03    0.6878659176E-03
          38    0.6892155562E+02   -0.2432730244E+02    0.4853226733E-03
          39    0.6879486008E+02   -0.2428154601E+02   -0.8953464115E-04
          40    0.6877687942E+02   -0.2427504068E+02   -0.8056475905E-04
          41    0.6876033963E+02   -0.2426906434E+02   -0.2286665549E-03
          42    0.6875246854E+02   -0.2426623293E+02   -0.7215735203E-04
          43    0.6876285446E+02   -0.2426998505E+02   -0.1253768515E-03
          44    0.6872934277E+02   -0.2425787491E+02   -0.1597451591E-03
          45    0.6875282605E+02   -0.2426636252E+02   -0.7539426878E-04
          46    0.6961531526E+02   -0.2457717357E+02   -0.1121083932E-02
          47    0.6871819099E+02   -0.2425383719E+02   -0.2280044543E-03
          48    0.6873142805E+02   -0.2425862971E+02   -0.2984053153E-03
          49    0.6874075543E+02   -0.2426200598E+02   -0.9219565189E-04
          50    0.6948599427E+02   -0.2452343855E+02    0.9054906823E-02
          51    0.6873045997E+02   -0.2425828090E+02   -0.1885486081E-03
          52    0.6877784283E+02   -0.2427540965E+02    0.6727512962E-03
          53    0.6868718869E+02   -0.2424264125E+02    0.2078397388E-03
          54   -0.6604682425E+02    0.1872132626E+03   -0.1542899438E+01
          55    0.6873232590E+02   -0.2425895898E+02   -0.1270801645E-03
          56    0.6870283075E+02   -0.2424830213E+02   -0.1167255420E-03
          57    0.6870159566E+02   -0.2424786192E+02   -0.1159509411E-03
          58    0.6870698965E+02   -0.2424981123E+02   -0.1059084144E-03
          59    0.6869999405E+02   -0.2424728203E+02   -0.8962257352E-04
          60    0.6875435165E+02   -0.2426692746E+02    0.1579253192E-02
          61    0.6876662739E+02   -0.2427136136E+02    0.1807623600E-02
          62    0.6862683769E+02   -0.2422084967E+02   -0.1127600295E-03
          63    0.6846743909E+02   -0.2416329440E+02   -0.6355907711E-03
          64   -0.6574909149E+02    0.1864002112E+03    0.6399926462E+00
          65    0.6872668309E+02   -0.2425698954E+02    0.8137416041E-03
          66   -0.6625356843E+02    0.1877802927E+03    0.1245834245E-01
          67    0.6897236439E+02   -0.2434362846E+02   -0.1549808398E+01
          68    0.6832217710E+02   -0.2411084391E+02    0.6893747532E-03
          69    0.6867742555E+02   -0.2423562459E+02    0.6426472973E+00
          70    0.6916970532E+02   -0.2441560542E+02    0.1250961755E-01
          71   -0.6632235153E+02    0.1879706427E+03    0.4576242582E+02
          72   -0.6636653892E+02    0.1880905999E+03   -0.3641258606E-02
          73   -0.6506169203E+02    0.1844707993E+03   -0.7517486427E-03
          74   -0.6634202412E+02    0.1880256683E+03    0.1802588576E+02
          75   -0.6633411269E+02    0.1880020802E+03   -0.2732237678E-01
          76   -0.6628289661E+02    0.1878597611E+03   -0.1049316535E+00
          77   -0.6625015720E+02    0.1877673032E+03    0.1203577770E+00
          78    0.6924016175E+02   -0.2444106519E+02    0.4595709302E+02
          79   -0.6642334172E+02    0.1882540144E+03    0.1627383096E+00
          80   -0.6632492334E+02    0.1879849561E+03    0.2114575936E-02
          81    0.6928253069E+02   -0.2445668007E+02   -0.3656743068E-02
          82   -0.6636653820E+02    0.1880914856E+03   -0.7235581028E-02
          83   -0.6626092841E+02    0.1877989626E+03    0.9500191875E-01
          84    0.6926008325E+02   -0.2444818718E+02    0.1810251305E+02
          85   -0.6635415537E+02    0.1880572130E+03   -0.2259567123E+00
          86   -0.6650663702E+02    0.1884820815E+03   -0.1302993802E-02
          87    0.6925007328E+02   -0.2444479201E+02   -0.2743700538E-01
          88   -0.6635777885E+02    0.1880664035E+03    0.5399627425E-03
          89   -0.6636959786E+02    0.1880997216E+03   -0.8267453228E-02
          90   -0.6636135145E+02    0.1880763554E+03    0.4275131695E+01
          91   -0.6636869941E+02    0.1880966247E+03    0.1670969142E-01
          92   -0.6631807315E+02    0.1879573331E+03   -0.1594421442E-01
          93   -0.6635193375E+02    0.1880506343E+03   -0.1945419007E-01
          94   -0.6637806840E+02    0.1881228447E+03    0.5028006281E-03
          95   -0.6638173112E+02    0.1881330236E+03   -0.3897755301E+01
          96   -0.6636768198E+02    0.1880940651E+03    0.7647104883E+01
          97   -0.6637341749E+02    0.1881099825E+03    0.2151041830E-04
          98   -0.6639103564E+02    0.1881588031E+03    0.5955263930E-01
          99   -0.6634308964E+02    0.1880259060E+03    0.4184090635E+01
         100   -0.6635236565E+02    0.1880518061E+03   -0.3054530783E-01
