        Rank        RMSE       MaxAE  Feature_ID
           1    0.070333    0.175768  (       1     136     201)
           2    0.070623    0.174969  (       2     136     201)
           3    0.070717    0.125391  (       1     101     281)
           4    0.071465    0.126547  (       2     101     281)
           5    0.072038    0.176424  (       1     129     201)
           6    0.072171    0.176203  (       1     103     201)
           7    0.072365    0.171819  (       1     101     201)
           8    0.072392    0.175616  (       2     129     201)
           9    0.072531    0.175393  (       2     103     201)
          10    0.072661    0.172523  (       1     126     201)
          11    0.072687    0.192985  (       1     137     201)
          12    0.072756    0.170994  (       2     101     201)
          13    0.072852    0.192305  (       2     137     201)
          14    0.073036    0.171697  (       2     126     201)
          15    0.073055    0.190887  (       1     189     201)
          16    0.073182    0.190033  (       1     149     201)
          17    0.073183    0.173703  (       1     102     201)
          18    0.073206    0.174203  (       1     111     201)
          19    0.073251    0.190182  (       2     189     201)
          20    0.073257    0.174011  (       1     108     201)
          21    0.073310    0.173882  (       1     114     201)
          22    0.073337    0.173599  (       1     104     201)
          23    0.073350    0.173903  (       1     125     201)
          24    0.073360    0.192201  (       1     147     201)
          25    0.073361    0.173833  (       1     119     201)
          26    0.073374    0.189328  (       2     149     201)
          27    0.073400    0.173754  (       1     118     201)
          28    0.073403    0.173809  (       1     115     201)
          29    0.073448    0.174026  (       1     128     201)
          30    0.073470    0.173590  (       1     117     201)
          31    0.073479    0.173601  (       1     110     201)
          32    0.073480    0.173597  (       1     113     201)
          33    0.073487    0.173585  (       1     116     201)
          34    0.073499    0.173556  (       1     109     201)
          35    0.073514    0.173566  (       1     127     201)
          36    0.073518    0.173583  (       1     120     201)
          37    0.073527    0.193962  (       1     141     201)
          38    0.073532    0.191514  (       2     147     201)
          39    0.073560    0.193413  (       1     144     201)
          40    0.073567    0.172880  (       2     102     201)
          41    0.073568    0.193767  (       1     145     201)
          42    0.073586    0.173382  (       2     111     201)
          43    0.073606    0.173305  (       1     112     201)
          44    0.073616    0.173305  (       1     107     201)
          45    0.073626    0.173458  (       1     122     201)
          46    0.073628    0.194043  (       1     143     201)
          47    0.073639    0.173188  (       2     108     201)
          48    0.073642    0.173379  (       1     121     201)
          49    0.073674    0.193516  (       1     148     201)
          50    0.073678    0.193293  (       2     141     201)
          51    0.073683    0.173354  (       1     123     201)
          52    0.073688    0.193623  (       1     146     201)
          53    0.073694    0.173059  (       2     114     201)
          54    0.073709    0.142529  (       1     106     281)
          55    0.073717    0.192739  (       2     144     201)
          56    0.073722    0.172775  (       2     104     201)
          57    0.073725    0.193754  (       1     142     201)
          58    0.073733    0.173080  (       2     125     201)
          59    0.073735    0.193091  (       2     145     201)
          60    0.073745    0.173010  (       2     119     201)
          61    0.073779    0.193375  (       2     143     201)
          62    0.073785    0.172930  (       2     118     201)
          63    0.073787    0.172985  (       2     115     201)
          64    0.073830    0.173204  (       2     128     201)
          65    0.073846    0.192836  (       2     148     201)
          66    0.073852    0.173962  (       1     130     201)
          67    0.073854    0.161358  (       1     136     227)
          68    0.073856    0.172766  (       2     117     201)
          69    0.073862    0.192944  (       2     146     201)
          70    0.073866    0.172777  (       2     110     201)
          71    0.073867    0.172772  (       2     113     201)
          72    0.073874    0.172760  (       2     116     201)
          73    0.073875    0.193772  (       1     153     201)
          74    0.073877    0.193084  (       2     142     201)
          75    0.073878    0.193990  (       1     151     201)
          76    0.073886    0.172731  (       2     109     201)
          77    0.073891    0.193786  (       1     158     201)
          78    0.073894    0.193801  (       1     157     201)
          79    0.073895    0.193932  (       1     177     201)
          80    0.073896    0.193793  (       1     161     201)
          81    0.073897    0.193858  (       1     155     201)
          82    0.073900    0.193777  (       1     160     201)
          83    0.073900    0.172741  (       2     127     201)
          84    0.073902    0.193813  (       1     165     201)
          85    0.073903    0.193801  (       1     162     201)
          86    0.073904    0.193893  (       1     166     201)
          87    0.073905    0.193922  (       1     154     201)
          88    0.073905    0.172758  (       2     120     201)
          89    0.073905    0.193835  (       1     167     201)
          90    0.073905    0.193789  (       1     163     201)
          91    0.073909    0.193807  (       1     164     201)
          92    0.073909    0.193878  (       1     152     201)
          93    0.073911    0.193797  (       1     170     201)
          94    0.073911    0.193904  (       1     168     201)
          95    0.073911    0.193833  (       1     178     201)
          96    0.073912    0.193827  (       1     171     201)
          97    0.073913    0.193829  (       1     172     201)
          98    0.073914    0.193847  (       1     179     201)
          99    0.073916    0.193848  (       1     181     201)
         100    0.073917    0.193832  (       1     175     201)
