Model_ID, [(c_i,i=0,n)_j,j=1,ntask]
           1   -0.6615609582E+02    0.1887801830E+03   -0.1199113587E-02   -0.6113855787E+01
           2    0.7000640942E+02   -0.2455084196E+02   -0.1203712453E-02   -0.6162245006E+01
           3   -0.5631582772E+02    0.1601469932E+03    0.1051523558E-01   -0.4803872264E-01
           4    0.5913526940E+02   -0.2080692345E+02    0.1053684048E-01   -0.4810327116E-01
           5   -0.6546107872E+02    0.1868058846E+03    0.3904607296E-02   -0.5895522651E+01
           6   -0.6531666808E+02    0.1863898508E+03   -0.1909288024E-02   -0.5816277088E+01
           7   -0.6465789523E+02    0.1845029439E+03    0.1083738318E-01   -0.5481452965E+01
           8    0.6926630297E+02   -0.2429010074E+02    0.3917646835E-02   -0.5942277778E+01
           9    0.6910927165E+02   -0.2423550916E+02   -0.1915560892E-02   -0.5862637507E+01
          10   -0.6530020901E+02    0.1863491772E+03    0.5095642708E-03   -0.5841591196E+01
          11   -0.6561563900E+02    0.1872664578E+03    0.1327847293E-01   -0.6004070231E+01
          12    0.6840080378E+02   -0.2398788185E+02    0.1087007037E-01   -0.5526196990E+01
          13    0.6946837038E+02   -0.2435878575E+02    0.1334219610E-01   -0.6052475302E+01
          14    0.6909433273E+02   -0.2422947393E+02    0.5111795227E-03   -0.5887954398E+01
          15   -0.6600221984E+02    0.1883756658E+03   -0.1410312162E-02   -0.6188773018E+01
          16   -0.6588324309E+02    0.1880392212E+03    0.1754638000E+00   -0.6140851502E+01
          17   -0.6506308809E+02    0.1856738793E+03    0.1613046625E-02   -0.5746547418E+01
          18   -0.6514123123E+02    0.1858965688E+03   -0.9361817180E-04   -0.5780766329E+01
          19    0.6988015316E+02   -0.2450241072E+02   -0.1416812012E-02   -0.6238142404E+01
          20   -0.6512113820E+02    0.1858402687E+03   -0.8422036960E-04   -0.5777064349E+01
          21   -0.6510472621E+02    0.1857950323E+03   -0.2390694780E-03   -0.5777976058E+01
          22   -0.6508887487E+02    0.1857480410E+03   -0.4252353710E-03   -0.5763243248E+01
          23   -0.6512511793E+02    0.1858520344E+03    0.7035604048E-03   -0.5781578943E+01
          24   -0.6577435460E+02    0.1877398951E+03    0.2278932547E-02   -0.6133338367E+01
          25   -0.6510661031E+02    0.1857996421E+03   -0.1310613187E-03   -0.5775500907E+01
          26    0.6975650993E+02   -0.2445867735E+02    0.1762786417E+00   -0.6189954698E+01
          27   -0.6509504463E+02    0.1857670258E+03   -0.7879799075E-04   -0.5772575341E+01
          28   -0.6509326531E+02    0.1857615174E+03   -0.7539876841E-04   -0.5769701420E+01
          29   -0.6511880700E+02    0.1858365935E+03    0.1891945068E-02   -0.5791666920E+01
          30   -0.6508030287E+02    0.1857250307E+03   -0.9632281646E-04   -0.5766928362E+01
          31   -0.6506665580E+02    0.1856865606E+03   -0.1668519657E-03   -0.5763211536E+01
          32   -0.6506951310E+02    0.1856947419E+03   -0.3117131666E-03   -0.5764602069E+01
          33   -0.6506888810E+02    0.1856931434E+03   -0.1969682828E-03   -0.5765284161E+01
          34   -0.6505461139E+02    0.1856530786E+03   -0.2381336439E-03   -0.5762164466E+01
          35   -0.6510224755E+02    0.1857888042E+03    0.1651872983E-02   -0.5782159959E+01
          36   -0.6507094476E+02    0.1856987463E+03   -0.1327550327E-03   -0.5765006461E+01
          37   -0.6571166443E+02    0.1875375997E+03    0.4891536010E+02   -0.6030610247E+01
          38    0.6965140311E+02   -0.2442043253E+02    0.2289844489E-02   -0.6182472507E+01
          39   -0.6574851802E+02    0.1876466950E+03   -0.2930176116E-01   -0.6071116539E+01
          40    0.6884235079E+02   -0.2414092725E+02    0.1618039501E-02   -0.5792413652E+01
          41   -0.6570086948E+02    0.1875166803E+03   -0.1126455597E+00   -0.6083204678E+01
          42    0.6892552775E+02   -0.2417013801E+02   -0.9391078869E-04   -0.5826808434E+01
          43   -0.6503611046E+02    0.1856002766E+03   -0.1218564113E-03   -0.5754948697E+01
          44   -0.6501850105E+02    0.1855510466E+03    0.2169336334E-03   -0.5752176669E+01
          45   -0.6504358238E+02    0.1856221806E+03   -0.1106164451E-03   -0.5761195601E+01
          46   -0.6574820567E+02    0.1876443983E+03    0.1930816280E+02   -0.6055277304E+01
          47    0.6890464494E+02   -0.2416268366E+02   -0.8448204658E-04   -0.5823071285E+01
          48   -0.6503677226E+02    0.1856027706E+03   -0.1210822765E-03   -0.5758434068E+01
          49   -0.6569866983E+02    0.1875174979E+03    0.1022809915E+00   -0.6116991591E+01
          50    0.6957053421E+02   -0.2439498870E+02    0.4915777202E+02   -0.6079345845E+01
          51   -0.6503429997E+02    0.1855954717E+03   -0.9357567535E-04   -0.5756161764E+01
          52   -0.6566393086E+02    0.1874114398E+03    0.1291684812E+00   -0.6078223022E+01
          53    0.6888819591E+02   -0.2415671644E+02   -0.2398096772E-03   -0.5823969280E+01
          54   -0.5603878425E+02    0.1593707273E+03    0.6914767868E-03   -0.4924577628E-01
          55    0.6961193640E+02   -0.2440901656E+02   -0.2944592325E-01   -0.6120047779E+01
          56    0.6886991848E+02   -0.2415052162E+02   -0.4265472100E-03   -0.5809173706E+01
          57   -0.6576602565E+02    0.1876873725E+03   -0.3895673153E-02   -0.6039553366E+01
          58    0.6890907071E+02   -0.2416418432E+02    0.7057435278E-03   -0.5827600887E+01
          59    0.6956414840E+02   -0.2439150873E+02   -0.1131897791E+00   -0.6132086046E+01
          60    0.6888958278E+02   -0.2415729671E+02   -0.1314667546E-03   -0.5821486322E+01
          61    0.6961132913E+02   -0.2440898418E+02    0.1940406001E+02   -0.6104170901E+01
          62    0.6887746278E+02   -0.2415299732E+02   -0.7904117360E-04   -0.5818540115E+01
          63    0.6887530087E+02   -0.2415229268E+02   -0.7563164270E-04   -0.5815657426E+01
          64    0.6890428149E+02   -0.2416218871E+02    0.1897824950E-02   -0.5837720067E+01
          65    0.6956634649E+02   -0.2439139770E+02    0.1027716907E+00   -0.6166006424E+01
          66   -0.6507076238E+02    0.1856989586E+03    0.8506776160E-03   -0.5771304386E+01
          67   -0.6410846707E+02    0.1828863072E+03   -0.1154388500E-02    0.4771872309E+02
          68    0.6886169120E+02   -0.2414745572E+02   -0.9661910983E-04   -0.5812860583E+01
          69    0.6952418452E+02   -0.2437746535E+02    0.1297864072E+00   -0.6127014791E+01
          70    0.6884746033E+02   -0.2414240588E+02   -0.1673642633E-03   -0.5809120170E+01
          71    0.6885052044E+02   -0.2414347570E+02   -0.3126704131E-03   -0.5810517206E+01
          72    0.6884997167E+02   -0.2414326024E+02   -0.1975729405E-03   -0.5811200440E+01
          73   -0.6579960807E+02    0.1877943977E+03    0.5810335978E-03   -0.6108203368E+01
          74    0.6962446165E+02   -0.2441456135E+02   -0.3915009387E-02   -0.6088377392E+01
          75   -0.6579977316E+02    0.1877926644E+03   -0.7776233541E-02   -0.6093077934E+01
          76    0.6883523820E+02   -0.2413800944E+02   -0.2388636212E-03   -0.5808059375E+01
          77   -0.6580658373E+02    0.1878147547E+03    0.4602218679E+01   -0.6113010372E+01
          78   -0.6579726204E+02    0.1877895844E+03   -0.2094488972E-01   -0.6114276949E+01
          79   -0.6584161136E+02    0.1879130103E+03    0.6413520294E-01   -0.6117887299E+01
          80   -0.6581434432E+02    0.1878360950E+03    0.1798774651E-01   -0.6112689664E+01
          81   -0.6581152633E+02    0.1878276962E+03   -0.8895273087E-02   -0.6106543821E+01
          82   -0.6578970394E+02    0.1877690270E+03    0.4505883066E+01   -0.6117365258E+01
          83    0.6888579297E+02   -0.2415576568E+02    0.1656953908E-02   -0.5828154143E+01
          84   -0.6581576352E+02    0.1878411049E+03    0.8234756837E+01   -0.6116635348E+01
          85   -0.6579958197E+02    0.1877965609E+03   -0.3289396894E-01   -0.6117122772E+01
          86   -0.6582558029E+02    0.1878678537E+03    0.5413395436E-03   -0.6114401223E+01
          87   -0.6576018450E+02    0.1876871671E+03   -0.1716445096E-01   -0.6113085305E+01
          88    0.6885193859E+02   -0.2414398257E+02   -0.1331624523E-03   -0.5810922908E+01
          89   -0.6582200105E+02    0.1878584253E+03    0.2316358197E-04   -0.6116685915E+01
          90   -0.6579513862E+02    0.1877843955E+03    0.1578170487E+00   -0.6118587736E+01
          91   -0.6580318399E+02    0.1878065934E+03    0.6262336315E+01   -0.6118352164E+01
          92   -0.6578723732E+02    0.1877581191E+03   -0.2428632071E+00   -0.6093824404E+01
          93   -0.6581999929E+02    0.1878527868E+03    0.5047629130E-03   -0.6117144800E+01
          94   -0.6582965252E+02    0.1878791869E+03   -0.4196574418E+01   -0.6114490112E+01
          95   -0.6582629041E+02    0.1878708094E+03    0.3877428167E+01   -0.6119259912E+01
          96   -0.6581672214E+02    0.1878440996E+03    0.1123646454E+00   -0.6118131015E+01
          97   -0.6581443222E+02    0.1878379860E+03    0.4750566292E-03   -0.6118932578E+01
          98   -0.6582371633E+02    0.1878636875E+03    0.5606218512E-03   -0.6119637033E+01
          99   -0.6582434201E+02    0.1878654520E+03    0.1847249545E-01   -0.6119746086E+01
         100   -0.6582120572E+02    0.1878566560E+03    0.1867195528E+00   -0.6118883349E+01
